1
1
1
1
1
1
1
1
1
1
1
1
1
1
1
1
1
1
1
1
1
1
1
1
1
1
1
1
1
1
1
1
1
1
1
1
1
1
1
1
1
1
1
1
1
1
1
1
1
1
1
1
1
1
1
1
1
1
1
1
1
1
1
1
1
1
1
1
1
1
1
1
1
1
1
1
1
1
1
1
1
1
1
1
1
1
1
1
1
1
1
1
1
1
1
1
1
1
1
1
1
1
1
1
1
1
1
1
1
1
1
1
1
1
1
1
1
1
1
1
1
1
1
1
1
1
1
1
1
1
1
1
1
1
1
1
1
1
1
1
1
1
1
1
1
1
1
1
1
1
1
1
1
1
1
1
1
1
1
1
1
1
1
1
1
1
1
1
1
1
1
1
1
1
1
1
1
1
1
1
1
1
1
1
1
1
1
1
1
1
1
1
1
1
1
1
1
1
1
1
1
1
1
1
1
1
1
1
1
1
1
1
1
1
1
1
1
1
1
1
1
1
1
1
1
1
1
1
1
1
1
1
1
1
1
1
1
1
1
1
1
1
1
1
1
1
1
1
1
1
1
1
1
1
1
1
1
1
1
1
1
1
1
1
1
1
1
1
1
1
1
1
1
1
1
1
1
1
1
1
1
1
1
1
1
1
1
1
1
1
1
1
1
1
1
1
1
1
1
1
1
1
1
1
1
1
1
1
1
1
1
1
1
1
1
1
1
1
1
1
1
1
1
1
1
1
1
1
1
1
1
1
1
1
1
1
1
1
1
1
1
1
1
1
1
1
1
1
1
1
1
1
1
1
1
1
1
1
1
1
1
1
1
1
1
1
1
1
1
1
1
1
1
1
1
1
1
1
1
1
1
1
1
1
1
1
1
1
1
1
1
1
1
1
1
1
1
1
1
1
1
1
1
1
1
1
1
1
1
1
1
1
1
1
1
1
1
1
1
1
1
1
1
1
1
1
1
1
1
1
1
1
1
1
1
1
1
1
1
1
1
1
1
1
1
1
1
1
1
1
1
1
1
1
1
1
1
1
1
1
1
1
1
1
1
1
1
1
1
1
1
1
1
1
1
1
1
1
1
1
1
1
1
1
1
1
1
1
1
1
1
1
1
1
1
1
1
1
1
1
1
1
1
1
1
1
1
1
1
1
1
1
1
1
1
1
1
1
1
1
1
1
1
1
1
1
1
1
1
1
1
1
1
1
1
1
1
1
1
1
1
1
1
1
1
1
1
1
1
1
1
1
1
1
1
1
1
1
1
1
1
1
1
1
1
1
1
1
1
1
1
1
1
1
1
1
1
1
1
1
1
1
1
1
1
1
1
1
1
1
1
1
1
1
1
1
1
1
1
1
1
1
1
1
1
1
1
1
1
1
1
1
1
1
1
1
1
1
1
1
1
1
1
1
1
1
1
1
1
1
1
1
1
1
1
1
1
1
1
1
1
1
1
1
1
1
1
1
1
1
1
1
1
1
1
1
1
1
1
1
1
1
1
1
1
1
1
1
1
1
1
1
1
1
1
1
1
1
1
1
1
1
1
1
1
1
1
1
1
1
1
1
1
1
1
1
1
1
1
1
1
1
1
1
1
1
1
1
1
1
1
1
1
1
1
1
1
1
1
1
1
1
1
1
1
1
1
1
1
1
1
1
1
1
1
1
1
1
1
1
1
1
1
1
1
1
1
1
1
1
1
1
1
1
1
1
1
1
1
1
1
1
1
1
1
1
1
1
1
1
1
1
1
1
1
1
1
1
1
1
1
1
1
1
1
1
1
1
1
1
1
1
1
1
1
1
1
1
1
1
1
1
1
1
1
1
1
1
1
1
1
1
1
1
1
1
1
1
1
1
1
1
1
1
1
1
1
1
1
1
1
1
1
1
1
1
1
1
1
1
1
1
1
1
1
1
1
1
1
1
1
1
1
1
1
1
1
1
1
1
1
1
1
1
1
1
1
1
1
1
1
1
1
1
1
1
1
1
1
1
1
1
1
1
1
1
1
1
1
1
1
1
1
1
1
1
1
1
1
1
1
1
1
1
1
1
1
1
1
1
1
1
1
1
1
1
1
1
1
1
1
1
1
1
1
1
1
1
1
1
1
1
1
1
1
1
1
1
1
1
1
1
1
1
1
1
1
1
1
1
1
1
1
1
1
1
1
1
1
1
1
1
1
1
1
1
1
1
1
1
1
1
1
1
1
1
1
1
1
1
1
1
1
1
1
1
1
1
1
1
1
1
1
1
1
1
1
1
1
1
1
1
1
1
1
1
1
1
1
1
1
1
1
1
1
1
1
1
1
1
1
1
1
1
1
1
1
1
1
1
1
1
1
1
1
1
1
1
1
1
1
1
1
1
1
1
1
1
1
1
1
1
1
1
1
1
1
1
1
1
1
1
1
1
1
1
1
1
1
1
1
1
1
1
1
1
1
1
1
1
1
1
1
1
1
1
1
1
1
1
1
1
1
1
1
1
1
1
1
1
1
1
1
1
1
1
1
1
1
1
1
1
1
1
1
1
1
1
1
1
1
1
1
1
1
1
1
1
1
1
1
1
1
1
1
1
1
1
1
1
1
1
1
1
1
1
1
1
1
1
1
1
1
1
1
1
1
1
1
1
1
1
1
1
1
1
1
1
1
1
1
1
1
1
1
1
1
1
1
1
1
1
1
1
1
1
1
1
1
1
1
1
1
1
1
1
1
1
1
1
1
1
1
1
1
1
1
1
1
1
1
1
1
1
1
1
1
1
1
1
1
1
1
1
1
1
1
1
1
1
1
1
1
1
1
1
1
1
1
1
1
1
1
1
1
1
1
1
1
1
1
1
1
1
1
1
1
1
1
1
1
1
1
1
1
1
1
1
1
1
1
1
1
1
1
1
1
1
1
1
1
1
1
1
1
1
1
1
1
1
1
1
1
1
1
1
1
1
1
1
1
1
1
1
1
1
1
1
1
1
1
1
1
1
1
1
1
1
1
1
1
1
1
1
1
1
1
1
1
1
1
1
1
1
1
1
1
1
1
1
1
1
1
1
1
1
1
1
1
1
1
1
1
1
1
1
1
1
1
1
1
1
1
1
1
1
1
1
1
1
1
1
1
1
1
1
1
1
1
1
1
1
1
1
1
1
1
1
1
1
1
1
1
1
1
1
1
1
1
1
1
1
1
1
1
1
1
1
1
1
1
1
1
1
1
1
1
1
1
1
1
1
1
1
1
1
1
1
1
1
1
1
1
1
1
1
1
1
1
1
1
1
1
1
1
1
1
1
1
1
1
1
1
1
1
1
1
1
1
1
1
1
1
1
1
1
1
1
1
1
1
1
1
1
1
1
1
1
1
1
1
1
1
1
1
1
1
1
1
1
1
1
1
1
1
1
1
1
1
1
1
1
1
1
1
1
1
1
1
1
1
1
1
1
1
1
1
1
1
1
1
1
1
1
1
1
1
1
1
1
1
1
1
1
1
1
1
1
1
1
1
1
1
1
1
1
1
1
1
1
1
1
1
1
1
1
1
1
1
1
1
1
1
1
1
1
1
1
1
1
1
1
1
1
1
1
1
1
1
1
1
1
1
1
1
1
1
1
1
1
1
1
1
1
1
1
1
1
1
1
1
1
1
1
1
1
1
1
1
1
1
1
1
1
1
1
1
1
1
1
1
1
1
1
1
1
1
1
1
1
1
1
1
1
1
1
1
1
1
1
1
1
1
1
1
1
1
1
1
1
1
1
1
1
1
1
1
1
1
1
1
1
1
1
1
1
1
1
1
1
1
1
1
1
1
1
1
1
1
1
1
1
1
1
1
1
1
1
1
1
1
1
1
1
1
1
1
1
1
1
1
1
1
1
1
1
1
1
1
1
1
1
1
1
1
1
1
1
1
1
1
1
1
1
1
1
1
1
1
1
1
1
1
1
1
1
1
1
1
1
1
1
1
1
1
1
1
1
1
1
1
1
1
1
1
1
1
1
1
1
1
1
1
1
1
1
1
1
1
1
1
1
1
1
1
1
1
1
1
1
1
1
1
1
1
1
1
1
1
1
1
1
1
1
1
1
1
1
1
1
1
1
1
1
1
1
1
1
1
1
1
1
1
1
1
1
1
1
1
1
1
1
1
1
1
1
1
1
1
1
1
1
1
1
1
1
1
1
1
1
1
1
1
1
1
1
1
1
1
1
1
1
1
1
1
1
1
1
1
1
1
1
1
1
1
1
1
1
1
1
1
1
1
1
1
1
1
1
1
1
1
1
1
1
1
1
1
1
1
1
1
1
1
1
1
1
1
1
1
1
1
1
1
1
1
1
1
1
1
1
1
1
1
1
1
1
1
1
1
1
1
1
1
1
1
1
1
1
1
1
1
1
1
1
1
1
1
1
1
1
1
1
1
1
1
1
1
1
1
1
1
1
1
1
1
1
1
1
1
1
1
1
1
1
1
1
1
1
1
1
1
1
1
1
1
1
1
1
1
1
1
1
1
1
1
1
1
1
1
1
1
1
1
1
1
1
1
1
1
1
1
1
1
1
1
1
1
1
1
1
1
1
1
1
1
1
1
1
1
1
1
1
1
1
1
1
1
1
1
1
1
1
1
1
1
1
1
1
1
1
1
1
1
1
1
1
1
1
1
1
1
1
1
1
1
1
1
1
1
1
1
1
1
1
1
1
1
1
1
1
1
1
1
1
1
1
1
1
1
1
1
1
1
1
1
1
1
1
1
1
1
1
1
1
1
1
1
1
1
1
1
1
1
1
1
1
1
1
1
1
1
1
1
1
1
1
1
1
1
1
1
1
1
1
1
1
1
1
1
1
1
1
1
1
1
1
1
1
1
1
1
1
1
1
1
1
1
1
1
1
1
1
1
1
1
1
1
1
1
1
1
1
1
1
1
1
1
1
1
1
1
1
1
1
1
1
1
1
1
1
1
1
1
1
1
1
1
1
1
1
1
1
1
1
1
1
1
1
1
1
1
1
1
1
1
1
1
1
1
1
1
1
1
1
1
1
1
1
1
1
1
1
1
1
1
1
1
1
1
1
1
1
1
1
1
1
1
1
1
1
1
1
1
1
1
1
1
1
1
1
1
1
1
1
1
1
1
1
1
1
1
1
1
1
1
1
1
1
1
1
1
1
1
1
1
1
1
1
1
1
1
1
1
1
1
1
1
1
1
1
1
1
1
1
1
1
1
1
1
1
1
1
1
1
1
1
1
1
1
1
1
1
1
1
0.999999
0.999999
0.999999
0.999999
0.999999
0.999999
0.999999
0.999999
0.999999
0.999999
0.999999
0.999999
0.999999
0.999998
0.999998
0.999998
0.999998
0.999998
0.999998
0.999998
0.999997
0.999997
0.999997
0.999997
0.999996
0.999996
0.999996
0.999995
0.999995
0.999995
0.999994
0.999994
0.999993
0.999993
0.999992
0.999992
0.999991
0.999991
0.99999
0.999989
0.999988
0.999987
0.999986
0.999985
0.999984
0.999983
0.999982
0.999981
0.99998
0.999978
0.999977
0.999975
0.999973
0.999972
0.99997
0.999968
0.999965
0.999963
0.999961
0.999958
0.999955
0.999952
0.999949
0.999946
0.999943
0.999939
0.999935
0.999931
0.999927
0.999923
0.999918
0.999913
0.999908
0.999902
0.999896
0.99989
0.999884
0.999877
0.99987
0.999862
0.999855
0.999846
0.999838
0.999829
0.999819
0.999809
0.999799
0.999788
0.999776
0.999764
0.999752
0.999739
0.999725
0.999711
0.999696
0.999681
0.999665
0.999648
0.99963
0.999612
0.999593
0.999573
0.999552
0.999531
0.999508
0.999485
0.999461
0.999436
0.99941
0.999383
0.999355
0.999326
0.999296
0.999265
0.999233
0.999199
0.999165
0.999129
0.999092
0.999054
0.999015
0.998974
0.998932
0.998888
0.998844
0.998798
0.99875
0.998701
0.99865
0.998598
0.998545
0.99849
0.998433
0.998375
0.998315
0.998254
0.998191
0.998126
0.998059
0.997991
0.997921
0.997849
0.997775
0.9977
0.997623
0.997543
0.997462
0.99738
0.997295
0.997208
0.997119
0.997029
0.996936
0.996842
0.996745
0.996647
0.996546
0.996444
0.996339
0.996232
0.996123
0.996013
0.9959
0.995785
0.995668
0.995549
0.995428
0.995304
0.995179
0.995051
0.994922
0.99479
0.994656
0.99452
0.994382
0.994242
0.9941
0.993955
0.993809
0.99366
0.99351
0.993357
0.993202
0.993046
0.992887
0.992726
0.992563
0.992398
0.99223
0.992061
0.99189
0.991717
0.991542
0.991365
0.991186
0.991005
0.990822
0.990637
0.99045
0.990261
0.99007
0.989878
0.989683
0.989487
0.989289
0.989089
0.988887
0.988684
0.988479
0.988272
0.988063
0.987852
0.98764
0.987426
0.98721
0.986993
0.986774
0.986554
0.986331
0.986108
0.985882
0.985655
0.985427
0.985197
0.984965
0.984732
0.984498
0.984262
0.984024
0.983786
0.983545
0.983304
0.983061
0.982816
0.982571
0.982324
0.982075
0.981826
0.981575
0.981322
0.981069
0.980814
0.980559
0.980302
0.980043
0.979784
0.979523
0.979262
0.978999
0.978735
0.97847
0.978204
0.977937
0.977669
0.9774
0.97713
0.976858
0.976586
0.976313
0.976039
0.975764
0.975488
0.975212
0.974934
0.974655
0.974376
0.974096
0.973814
0.973532
0.97325
0.972966
0.972682
0.972397
0.972111
0.971824
0.971537
0.971248
0.97096
0.97067
0.97038
0.970089
0.969797
0.969505
0.969212
0.968918
0.968624
0.968329
0.968034
0.967738
0.967441
0.967144
0.966846
0.966548
0.966249
0.96595
0.96565
0.965349
0.965048
0.964747
0.964445
0.964142
0.963839
0.963536
0.963232
0.962928
0.962623
0.962318
0.962012
0.961706
0.961399
0.961092
0.960785
0.960477
0.960169
0.959861
0.959552
0.959243
0.958933
0.958623
0.958313
0.958003
0.957692
0.95738
0.957069
0.956757
0.956445
0.956132
0.95582
0.955507
0.955193
0.95488
0.954566
0.954252
0.953937
0.953622
0.953308
0.952992
0.952677
0.952361
0.952045
0.951729
0.951413
0.951097
0.95078
0.950463
0.950146
0.949828
0.949511
0.949193
0.948875
0.948557
0.948239
0.94792
0.947602
0.947283
0.946964
0.946645
0.946325
0.946006
0.945687
0.945367
0.945047
0.944727
0.944407
0.944087
0.943766
0.943446
0.943125
0.942805
0.942484
0.942163
0.941842
0.941521
0.941199
0.940878
0.940557
0.940235
0.939913
0.939592
0.93927
0.938948
0.938626
0.938304
0.937982
0.93766
0.937338
0.937015
0.936693
0.936371
0.936048
0.935726
0.935403
0.935081
0.934758
0.934435
0.934112
0.93379
0.933467
0.933144
0.932821
0.932498
0.932175
0.931852
0.931529
0.931206
0.930883
0.93056
0.930237
0.929914
0.929591
0.929267
0.928944
0.928621
0.928298
0.927975
0.927651
0.927328
0.927005
0.926682
0.926359
0.926035
0.925712
0.925389
0.925066
0.924743
0.924419
0.924096
0.923773
0.92345
0.923127
0.922804
0.922481
0.922158
0.921835
0.921512
0.921189
0.920866
0.920543
0.92022
0.919897
0.919574
0.919251
0.918928
0.918606
0.918283
0.91796
0.917638
0.917315
0.916992
0.91667
0.916347
0.916025
0.915702
0.91538
0.915058
0.914735
0.914413
0.914091
0.913769
0.913447
0.913125
0.912803
0.912481
0.912159
0.911837
0.911515
0.911194
0.910872
0.91055
0.910229
0.909907
0.909586
0.909264
0.908943
0.908622
0.908301
0.90798
0.907659
0.907338
0.907017
0.906696
0.906375
0.906054
0.905734
0.905413
0.905092
0.904772
0.904452
0.904131
0.903811
0.903491
0.903171
0.902851
0.902531
0.902211
0.901891
0.901571
0.901252
0.900932
0.900613
0.900293
0.899974
0.899655
0.899336
0.899017
0.898698
0.898379
0.89806
0.897741
0.897422
0.897104
0.896785
0.896467
0.896148
0.89583
0.895512
0.895194
0.894876
0.894558
0.89424
0.893923
0.893605
0.893287
0.89297
0.892652
0.892335
0.892018
0.891701
0.891384
0.891067
0.89075
0.890433
0.890117
0.8898
0.889484
0.889167
0.888851
0.888535
0.888219
0.887903
0.887587
0.887271
0.886956
0.88664
0.886325
0.886009
0.885694
0.885379
0.885064
0.884749
0.884434
0.884119
0.883804
0.883489
0.883175
0.882861
0.882546
0.882232
0.881918
0.881604
0.88129
0.880976
0.880663
0.880349
0.880035
0.879722
0.879409
0.879096
0.878783
0.87847
0.878157
0.877844
0.877531
0.877219
0.876906
0.876594
0.876282
0.87597
0.875657
0.875346
0.875034
0.874722
0.87441
0.874099
0.873788
0.873476
0.873165
0.872854
0.872543
0.872232
0.871921
0.871611
0.8713
0.87099
0.87068
0.870369
0.870059
0.869749
0.869439
0.86913
0.86882
0.86851
0.868201
0.867892
0.867582
0.867273
0.866964
0.866655
0.866347
0.866038
0.865729
0.865421
0.865113
0.864804
0.864496
0.864188
0.86388
0.863573
0.863265
0.862957
0.86265
0.862343
0.862035
0.861728
0.861421
0.861114
0.860808
0.860501
0.860194
0.859888
0.859582
0.859275
0.858969
0.858663
0.858358
0.858052
0.857746
0.857441
0.857135
0.85683
0.856525
0.85622
0.855915
0.85561
0.855305
0.855
0.854696
0.854392
0.854087
0.853783
0.853479
0.853175
0.852871
0.852568
0.852264
0.851961
0.851657
0.851354
0.851051
0.850748
0.850445
0.850142
0.849839
0.849537
0.849234
0.848932
0.84863
0.848328
0.848026
0.847724
0.847422
0.847121
0.846819
0.846518
0.846216
0.845915
0.845614
0.845313
0.845012
0.844712
0.844411
0.844111
0.84381
0.84351
0.84321
0.84291
0.84261
0.84231
0.84201
0.841711
0.841411
0.841112
0.840813
0.840514
0.840215
0.839916
0.839617
0.839319
0.83902
0.838722
0.838423
0.838125
0.837827
0.837529
0.837231
0.836934
0.836636
0.836339
0.836041
0.835744
0.835447
0.83515
0.834853
0.834556
0.83426
0.833963
0.833667
0.83337
0.833074
0.832778
0.832482
0.832186
0.83189
0.831595
0.831299
0.831004
0.830709
0.830414
0.830119
0.829824
0.829529
0.829234
0.82894
0.828645
0.828351
0.828057
0.827762
0.827468
0.827175
0.826881
0.826587
0.826294
0.826
0.825707
0.825414
0.825121
0.824828
0.824535
0.824242
0.82395
0.823657
0.823365
0.823073
0.822781
0.822489
0.822197
0.821905
0.821613
0.821322
0.82103
0.820739
0.820448
0.820157
0.819866
0.819575
0.819284
0.818994
0.818703
0.818413
0.818123
0.817833
0.817543
0.817253
0.816963
0.816673
0.816384
0.816094
0.815805
0.815516
0.815227
0.814938
0.814649
0.81436
0.814071
0.813783
0.813494
0.813206
0.812918
0.81263
0.812342
0.812054
0.811767
0.811479
0.811192
0.810904
0.810617
0.81033
0.810043
0.809756
0.809469
0.809183
0.808896
0.80861
0.808323
0.808037
0.807751
0.807465
0.807179
0.806894
0.806608
0.806322
0.806037
0.805752
0.805467
0.805182
0.804897
0.804612
0.804327
0.804043
0.803758
0.803474
0.80319
0.802906
0.802622
0.802338
0.802054
0.80177
0.801487
0.801203
0.80092
0.800637
0.800354
0.800071
0.799788
0.799505
0.799223
0.79894
0.798658
0.798376
0.798094
0.797812
0.79753
0.797248
0.796966
0.796685
0.796403
0.796122
0.795841
0.795559
0.795278
0.794998
0.794717
0.794436
0.794156
0.793875
0.793595
0.793315
0.793035
0.792755
0.792475
0.792195
0.791916
0.791636
0.791357
0.791077
0.790798
0.790519
0.79024
0.789961
0.789683
0.789404
0.789126
0.788847
0.788569
0.788291
0.788013
0.787735
0.787457
0.78718
0.786902
0.786625
0.786347
0.78607
0.785793
0.785516
0.785239
0.784962
0.784686
0.784409
0.784133
0.783856
0.78358
0.783304
0.783028
0.782752
0.782476
0.782201
0.781925
0.78165
0.781375
0.781099
0.780824
0.780549
0.780275
0.78
0.779725
0.779451
0.779176
0.778902
0.778628
0.778354
0.77808
0.777806
0.777533
0.777259
0.776985
0.776712
0.776439
0.776166
0.775893
0.77562
0.775347
0.775074
0.774802
0.774529
0.774257
0.773985
0.773713
0.77344
0.773169
0.772897
0.772625
0.772354
0.772082
0.771811
0.77154
0.771268
0.770997
0.770727
0.770456
0.770185
0.769915
0.769644
0.769374
0.769104
0.768833
0.768563
0.768294
0.768024
0.767754
0.767485
0.767215
0.766946
0.766677
0.766407
0.766138
0.76587
0.765601
0.765332
0.765064
0.764795
0.764527
0.764259
0.763991
0.763723
0.763455
0.763187
0.762919
0.762652
0.762384
0.762117
0.76185
0.761583
0.761316
0.761049
0.760782
0.760515
0.760249
0.759982
0.759716
0.75945
0.759184
0.758918
0.758652
0.758386
0.75812
0.757855
0.757589
0.757324
0.757059
0.756793
0.756528
0.756264
0.755999
0.755734
0.755469
0.755205
0.754941
0.754676
0.754412
0.754148
0.753884
0.75362
0.753357
0.753093
0.75283
0.752566
0.752303
0.75204
0.751777
0.751514
0.751251
0.750988
0.750726
0.750463
0.750201
0.749938
0.749676
0.749414
0.749152
0.74889
0.748629
0.748367
0.748105
0.747844
0.747583
0.747322
0.74706
0.746799
0.746539
0.746278
0.746017
0.745757
0.745496
0.745236
0.744975
0.744715
0.744455
0.744195
0.743936
0.743676
0.743416
0.743157
0.742897
0.742638
0.742379
0.74212
0.741861
0.741602
0.741343
0.741085
0.740826
0.740568
0.740309
0.740051
0.739793
0.739535
0.739277
0.739019
0.738762
0.738504
0.738247
0.737989
0.737732
0.737475
0.737218
0.736961
0.736704
0.736447
0.736191
0.735934
0.735678
0.735421
0.735165
0.734909
0.734653
0.734397
0.734141
0.733886
0.73363
0.733375
0.733119
0.732864
0.732609
0.732354
0.732099
0.731844
0.731589
0.731335
0.73108
0.730826
0.730571
0.730317
0.730063
0.729809
0.729555
0.729301
0.729048
0.728794
0.72854
0.728287
0.728034
0.727781
0.727528
0.727275
0.727022
0.726769
0.726516
0.726264
0.726011
0.725759
0.725507
0.725254
0.725002
0.72475
0.724499
0.724247
0.723995
0.723744
0.723492
0.723241
0.72299
0.722739
0.722488
0.722237
0.721986
0.721735
0.721485
0.721234
0.720984
0.720733
0.720483
0.720233
0.719983
0.719733
0.719483
0.719234
0.718984
0.718735
0.718485
0.718236
0.717987
0.717738
0.717489
0.71724
0.716991
0.716742
0.716494
0.716245
0.715997
0.715749
0.7155
0.715252
0.715004
0.714756
0.714509
0.714261
0.714013
0.713766
0.713519
0.713271
0.713024
0.712777
0.71253
0.712283
0.712036
0.71179
0.711543
0.711297
0.71105
0.710804
0.710558
0.710312
0.710066
0.70982
0.709574
0.709329
0.709083
0.708838
0.708592
0.708347
0.708102
0.707857
0.707612
0.707367
0.707122
0.706878
0.706633
0.706389
0.706144
0.7059
0.705656
0.705412
0.705168
0.704924
0.70468
0.704436
0.704193
0.703949
0.703706
0.703463
0.70322
0.702976
0.702734
0.702491
0.702248
0.702005
0.701763
0.70152
0.701278
0.701035
0.700793
0.700551
0.700309
0.700067
0.699826
0.699584
0.699342
0.699101
0.698859
0.698618
0.698377
0.698136
0.697895
0.697654
0.697413
0.697172
0.696932
0.696691
0.696451
0.696211
0.69597
0.69573
0.69549
0.69525
0.695011
0.694771
0.694531
0.694292
0.694052
0.693813
0.693574
0.693335
0.693096
0.692857
0.692618
0.692379
0.692141
0.691902
0.691664
0.691425
0.691187
0.690949
0.690711
0.690473
0.690235
0.689997
0.68976
0.689522
0.689285
0.689047
0.68881
0.688573
0.688336
0.688099
0.687862
0.687625
0.687388
0.687152
0.686915
0.686679
0.686443
0.686206
0.68597
0.685734
0.685498
0.685263
0.685027
0.684791
0.684556
0.68432
0.684085
0.68385
0.683615
0.68338
0.683145
0.68291
0.682675
0.68244
0.682206
0.681971
0.681737
0.681503
0.681269
0.681034
0.6808
0.680567
0.680333
0.680099
0.679865
0.679632
0.679399
0.679165
0.678932
0.678699
0.678466
0.678233
0.678
0.677767
0.677535
0.677302
0.67707
0.676837
0.676605
0.676373
0.676141
0.675909
0.675677
0.675445
0.675213
0.674982
0.67475
0.674519
0.674287
0.674056
0.673825
0.673594
0.673363
0.673132
0.672901
0.672671
0.67244
0.67221
0.671979
0.671749
0.671519
0.671289
0.671059
0.670829
0.670599
0.670369
0.670139
0.66991
0.66968
0.669451
0.669222
0.668993
0.668764
0.668535
0.668306
0.668077
0.667848
0.667619
0.667391
0.667162
0.666934
0.666706
0.666478
0.66625
0.666022
0.665794
0.665566
0.665338
0.66511
0.664883
0.664655
0.664428
0.664201
0.663974
0.663747
0.66352
0.663293
0.663066
0.662839
0.662613
0.662386
0.66216
0.661933
0.661707
0.661481
0.661255
0.661029
0.660803
0.660577
0.660351
0.660126
0.6599
0.659675
0.659449
0.659224
0.658999
0.658774
0.658549
0.658324
0.658099
0.657874
0.657649
0.657425
0.6572
0.656976
0.656752
0.656528
0.656303
0.656079
0.655855
0.655632
0.655408
0.655184
0.654961
0.654737
0.654514
0.65429
0.654067
0.653844
0.653621
0.653398
0.653175
0.652952
0.65273
0.652507
0.652285
0.652062
0.65184
0.651617
0.651395
0.651173
0.650951
0.650729
0.650507
0.650286
0.650064
0.649843
0.649621
0.6494
0.649178
0.648957
0.648736
0.648515
0.648294
0.648073
0.647852
0.647632
0.647411
0.647191
0.64697
0.64675
0.64653
0.646309
0.646089
0.645869
0.645649
0.64543
0.64521
0.64499
0.644771
0.644551
0.644332
0.644113
0.643893
0.643674
0.643455
0.643236
0.643017
0.642799
0.64258
0.642361
0.642143
0.641924
0.641706
0.641488
0.641269
0.641051
0.640833
0.640615
0.640398
0.64018
0.639962
0.639745
0.639527
0.63931
0.639092
0.638875
0.638658
0.638441
0.638224
0.638007
0.63779
0.637573
0.637357
0.63714
0.636924
0.636707
0.636491
0.636275
0.636059
0.635843
0.635627
0.635411
0.635195
0.634979
0.634764
0.634548
0.634333
0.634117
0.633902
0.633687
0.633472
0.633257
0.633042
0.632827
0.632612
0.632397
0.632183
0.631968
0.631754
0.63154
0.631325
0.631111
0.630897
0.630683
0.630469
0.630255
0.630041
0.629828
0.629614
0.629401
0.629187
0.628974
0.628761
0.628547
0.628334
0.628121
0.627908
0.627695
0.627483
0.62727
0.627057
0.626845
0.626632
0.62642
0.626208
0.625996
0.625784
0.625572
0.62536
0.625148
0.624936
0.624724
0.624513
0.624301
0.62409
0.623878
0.623667
0.623456
0.623245
0.623034
0.622823
0.622612
0.622401
0.622191
0.62198
0.621769
0.621559
0.621349
0.621138
0.620928
0.620718
0.620508
0.620298
0.620088
0.619878
0.619669
0.619459
0.619249
0.61904
0.618831
0.618621
0.618412
0.618203
0.617994
0.617785
0.617576
0.617367
0.617159
0.61695
0.616741
0.616533
0.616324
0.616116
0.615908
0.6157
0.615492
0.615284
0.615076
0.614868
0.61466
0.614452
0.614245
0.614037
0.61383
0.613623
0.613415
0.613208
0.613001
0.612794
0.612587
0.61238
0.612173
0.611967
0.61176
0.611554
0.611347
0.611141
0.610934
0.610728
0.610522
0.610316
0.61011
0.609904
0.609698
0.609492
0.609287
0.609081
0.608876
0.60867
0.608465
0.60826
0.608054
0.607849
0.607644
0.607439
0.607234
0.60703
0.606825
0.60662
0.606416
0.606211
0.606007
0.605802
0.605598
0.605394
0.60519
0.604986
0.604782
0.604578
0.604374
0.604171
0.603967
0.603764
0.60356
0.603357
0.603153
0.60295
0.602747
0.602544
0.602341
0.602138
0.601935
0.601732
0.60153
0.601327
0.601125
0.600922
0.60072
0.600518
0.600315
0.600113
0.599911
0.599709
0.599507
0.599305
0.599104
0.598902
0.5987
0.598499
0.598297
0.598096
0.597895
0.597694
0.597492
0.597291
0.59709
0.596889
0.596689
0.596488
0.596287
0.596087
0.595886
0.595686
0.595485
0.595285
0.595085
0.594885
0.594685
0.594485
0.594285
0.594085
0.593885
0.593685
0.593486
0.593286
0.593087
0.592887
0.592688
0.592489
0.59229
0.592091
0.591892
0.591693
0.591494
0.591295
0.591096
0.590898
0.590699
0.590501
0.590302
0.590104
0.589906
0.589708
0.589509
0.589311
0.589113
0.588916
0.588718
0.58852
0.588322
0.588125
0.587927
0.58773
0.587533
0.587335
0.587138
0.586941
0.586744
0.586547
0.58635
0.586153
0.585957
0.58576
0.585563
0.585367
0.58517
0.584974
0.584778
0.584581
0.584385
0.584189
0.583993
0.583797
0.583601
0.583406
0.58321
0.583014
0.582819
0.582623
0.582428
0.582232
0.582037
0.581842
0.581647
0.581452
0.581257
0.581062
0.580867
0.580672
0.580478
0.580283
0.580088
0.579894
0.5797
0.579505
0.579311
0.579117
0.578923
0.578729
0.578535
0.578341
0.578147
0.577953
0.57776
0.577566
0.577373
0.577179
0.576986
0.576793
0.576599
0.576406
0.576213
0.57602
0.575827
0.575634
0.575441
0.575249
0.575056
0.574864
0.574671
0.574479
0.574286
0.574094
0.573902
0.57371
0.573518
0.573326
0.573134
0.572942
0.57275
0.572558
0.572367
0.572175
0.571984
0.571792
0.571601
0.571409
0.571218
0.571027
0.570836
0.570645
0.570454
0.570263
0.570072
0.569882
0.569691
0.569501
0.56931
0.56912
0.568929
0.568739
0.568549
0.568359
0.568169
0.567979
0.567789
0.567599
0.567409
0.567219
0.56703
0.56684
0.56665
0.566461
0.566272
0.566082
0.565893
0.565704
0.565515
0.565326
0.565137
0.564948
0.564759
0.56457
0.564382
0.564193
0.564005
0.563816
0.563628
0.56344
0.563251
0.563063
0.562875
0.562687
0.562499
0.562311
0.562123
0.561935
0.561748
0.56156
0.561373
0.561185
0.560998
0.56081
0.560623
0.560436
0.560249
0.560062
0.559875
0.559688
0.559501
0.559314
0.559127
0.558941
0.558754
0.558568
0.558381
0.558195
0.558008
0.557822
0.557636
0.55745
0.557264
0.557078
0.556892
0.556706
0.55652
0.556335
0.556149
0.555963
0.555778
0.555593
0.555407
0.555222
0.555037
0.554852
0.554666
0.554481
0.554297
0.554112
0.553927
0.553742
0.553557
0.553373
0.553188
0.553004
0.552819
0.552635
0.552451
0.552267
0.552082
0.551898
0.551714
0.55153
0.551347
0.551163
0.550979
0.550795
0.550612
0.550428
0.550245
0.550061
0.549878
0.549695
0.549512
0.549329
0.549146
0.548963
0.54878
0.548597
0.548414
0.548231
0.548049
0.547866
0.547684
0.547501
0.547319
0.547136
0.546954
0.546772
0.54659
0.546408
0.546226
0.546044
0.545862
0.54568
0.545499
0.545317
0.545135
0.544954
0.544772
0.544591
0.54441
0.544228
0.544047
0.543866
0.543685
0.543504
0.543323
0.543142
0.542962
0.542781
0.5426
0.54242
0.542239
0.542059
0.541878
0.541698
0.541518
0.541338
0.541157
0.540977
0.540797
0.540618
0.540438
0.540258
0.540078
0.539898
0.539719
0.539539
0.53936
0.539181
0.539001
0.538822
0.538643
0.538464
0.538285
0.538106
0.537927
0.537748
0.537569
0.53739
0.537212
0.537033
0.536854
0.536676
0.536498
0.536319
0.536141
0.535963
0.535785
0.535606
0.535428
0.535251
0.535073
0.534895
0.534717
0.534539
0.534362
0.534184
0.534007
0.533829
0.533652
0.533475
0.533297
0.53312
0.532943
0.532766
0.532589
0.532412
0.532235
0.532059
0.531882
0.531705
0.531529
0.531352
0.531176
0.530999
0.530823
0.530647
0.530471
0.530294
0.530118
0.529942
0.529766
0.529591
0.529415
0.529239
0.529063
0.528888
0.528712
0.528537
0.528361
0.528186
0.528011
0.527835
0.52766
0.527485
0.52731
0.527135
0.52696
0.526785
0.526611
0.526436
0.526261
0.526087
0.525912
0.525738
0.525563
0.525389
0.525215
0.525041
0.524866
0.524692
0.524518
0.524344
0.524171
0.523997
0.523823
0.523649
0.523476
0.523302
0.523129
0.522955
0.522782
0.522608
0.522435
0.522262
0.522089
0.521916
0.521743
0.52157
0.521397
0.521224
0.521052
0.520879
0.520706
0.520534
0.520361
0.520189
0.520017
0.519844
0.519672
0.5195
0.519328
0.519156
0.518984
0.518812
0.51864
0.518468
0.518297
0.518125
0.517953
0.517782
0.51761
0.517439
0.517268
0.517096
0.516925
0.516754
0.516583
0.516412
0.516241
0.51607
0.515899
0.515728
0.515558
0.515387
0.515216
0.515046
0.514875
0.514705
0.514535
0.514364
0.514194
0.514024
0.513854
0.513684
0.513514
0.513344
0.513174
0.513005
0.512835
0.512665
0.512496
0.512326
0.512157
0.511987
0.511818
0.511649
0.511479
0.51131
0.511141
0.510972
0.510803
0.510634
0.510465
0.510297
0.510128
0.509959
0.509791
0.509622
0.509454
0.509285
0.509117
0.508949
0.508781
0.508612
0.508444
0.508276
0.508108
0.50794
0.507772
0.507605
0.507437
0.507269
0.507102
0.506934
0.506767
0.506599
0.506432
0.506265
0.506097
0.50593
0.505763
0.505596
0.505429
0.505262
0.505095
0.504929
0.504762
0.504595
0.504428
0.504262
0.504095
0.503929
0.503763
0.503596
0.50343
0.503264
0.503098
0.502932
0.502766
0.5026
0.502434
0.502268
0.502102
0.501937
0.501771
0.501605
0.50144
0.501274
0.501109
0.500944
0.500778
0.500613
0.500448
0.500283
0.500118
0.499953
0.499788
0.499623
0.499458
0.499294
0.499129
0.498964
0.4988
0.498635
0.498471
0.498307
0.498142
0.497978
0.497814
0.49765
0.497486
0.497322
0.497158
0.496994
0.49683
0.496666
0.496503
0.496339
0.496175
0.496012
0.495848
0.495685
0.495522
0.495358
0.495195
0.495032
0.494869
0.494706
0.494543
0.49438
0.494217
0.494054
0.493892
0.493729
0.493566
0.493404
0.493241
0.493079
0.492916
0.492754
0.492592
0.49243
0.492267
0.492105
0.491943
0.491781
0.491619
0.491458
0.491296
0.491134
0.490972
0.490811
0.490649
0.490488
0.490326
0.490165
0.490004
0.489843
0.489681
0.48952
0.489359
0.489198
0.489037
0.488876
0.488716
0.488555
0.488394
0.488233
0.488073
0.487912
0.487752
0.487591
0.487431
0.487271
0.487111
0.48695
0.48679
0.48663
0.48647
0.48631
0.48615
0.485991
0.485831
0.485671
0.485512
0.485352
0.485192
0.485033
0.484874
0.484714
0.484555
0.484396
0.484237
0.484078
0.483918
0.483759
0.483601
0.483442
0.483283
0.483124
0.482965
0.482807
0.482648
0.48249
0.482331
0.482173
0.482015
0.481856
0.481698
0.48154
0.481382
0.481224
0.481066
0.480908
0.48075
0.480592
0.480435
0.480277
0.480119
0.479962
0.479804
0.479647
0.479489
0.479332
0.479175
0.479018
0.47886
0.478703
0.478546
0.478389
0.478232
0.478076
0.477919
0.477762
0.477605
0.477449
0.477292
0.477136
0.476979
0.476823
0.476667
0.47651
0.476354
0.476198
0.476042
0.475886
0.47573
0.475574
0.475418
0.475262
0.475107
0.474951
0.474795
0.47464
0.474484
0.474329
0.474174
0.474018
0.473863
0.473708
0.473553
0.473398
0.473243
0.473088
0.472933
0.472778
0.472623
0.472468
0.472314
0.472159
0.472005
0.47185
0.471696
0.471541
0.471387
0.471233
0.471079
0.470925
0.470771
0.470617
0.470463
0.470309
0.470155
0.470001
0.469848
0.469694
0.46954
0.469387
0.469233
0.46908
0.468927
0.468773
0.46862
0.468467
0.468314
0.468161
0.468008
0.467855
0.467702
0.467549
0.467397
0.467244
0.467091
0.466939
0.466786
0.466634
0.466481
0.466329
0.466177
0.466025
0.465873
0.465721
0.465569
0.465417
0.465265
0.465113
0.464961
0.464809
0.464658
0.464506
0.464355
0.464203
0.464052
0.463901
0.463749
0.463598
0.463447
0.463296
0.463145
0.462994
0.462843
0.462692
0.462541
0.462391
0.46224
0.462089
0.461939
0.461788
0.461638
0.461488
0.461337
0.461187
0.461037
0.460887
0.460737
0.460587
0.460437
0.460287
0.460138
0.459988
0.459838
0.459689
0.459539
0.45939
0.45924
0.459091
0.458942
0.458793
0.458643
0.458494
0.458345
0.458196
0.458047
0.457899
0.45775
0.457601
0.457453
0.457304
0.457156
0.457007
0.456859
0.456711
0.456562
0.456414
0.456266
0.456118
0.45597
0.455822
0.455674
0.455527
0.455379
0.455231
0.455084
0.454936
0.454789
0.454641
0.454494
0.454347
0.4542
0.454052
0.453905
0.453758
0.453612
0.453465
0.453318
0.453171
0.453025
0.452878
0.452732
0.452585
0.452439
0.452292
0.452146
0.452
0.451854
0.451708
0.451562
0.451416
0.45127
0.451125
0.450979
0.450833
0.450688
0.450542
0.450397
0.450252
0.450106
0.449961
0.449816
0.449671
0.449526
0.449381
0.449237
0.449092
0.448947
0.448803
0.448658
0.448514
0.448369
0.448225
0.448081
0.447936
0.447792
0.447648
0.447504
0.447361
0.447217
0.447073
0.446929
0.446786
0.446642
0.446499
0.446356
0.446212
0.446069
0.445926
0.445783
0.44564
0.445497
0.445355
0.445212
0.445069
0.444927
0.444784
0.444642
0.444499
0.444357
0.444215
0.444073
0.443931
0.443789
0.443647
0.443505
0.443364
0.443222
0.443081
0.442939
0.442798
0.442657
0.442515
0.442374
0.442233
0.442092
0.441952
0.441811
0.44167
0.44153
0.441389
0.441249
0.441108
0.440968
0.440828
0.440688
0.440548
0.440408
0.440268
0.440128
0.439989
0.439849
0.43971
0.439571
0.439431
0.439292
0.439153
0.439014
0.438875
0.438736
0.438598
0.438459
0.438321
0.438182
0.438044
0.437906
0.437767
0.437629
0.437492
0.437354
0.437216
0.437078
0.436941
0.436803
0.436666
0.436529
0.436392
0.436255
0.436118
0.435981
0.435844
0.435708
0.435571
0.435435
0.435298
0.435162
0.435026
0.43489
0.434754
0.434619
0.434483
0.434347
0.434212
0.434077
0.433942
0.433807
0.433672
0.433537
0.433402
0.433267
0.433133
0.432999
0.432864
0.43273
0.432596
0.432462
0.432329
0.432195
0.432061
0.431928
0.431795
0.431662
0.431529
0.431396
0.431263
0.43113
0.430998
0.430866
0.430733
0.430601
0.430469
0.430337
0.430206
0.430074
0.429943
0.429812
0.429681
0.42955
0.429419
0.429288
0.429158
0.429027
0.428897
0.428767
0.428637
0.428507
0.428377
0.428248
0.428119
0.42799
0.427861
0.427732
0.427603
0.427474
0.427346
0.427218
0.42709
0.426962
0.426834
0.426707
0.42658
0.426452
0.426325
0.426199
0.426072
0.425945
0.425819
0.425693
0.425567
0.425442
0.425316
0.425191
0.425066
0.424941
0.424816
0.424691
0.424567
0.424443
0.424319
0.424195
0.424072
0.423948
0.423825
0.423702
0.42358
0.423457
0.423335
0.423213
0.423091
0.422969
0.422848
0.422727
0.422606
0.422485
0.422365
0.422245
0.422125
0.422005
0.421886
0.421767
0.421648
0.421529
0.421411
0.421292
0.421174
0.421057
0.420939
0.420822
0.420706
0.420589
0.420473
0.420357
0.420241
0.420126
0.420011
0.419896
0.419781
0.419667
0.419553
0.419439
0.419326
0.419213
0.419101
0.418988
0.418876
0.418764
0.418653
0.418542
0.418431
0.418321
0.418211
0.418101
0.417992
0.417883
0.417774
0.417666
0.417558
0.417451
0.417344
0.417237
0.417131
0.417025
0.416919
0.416814
0.416709
0.416605
0.416501
0.416397
0.416294
0.416191
0.416089
0.415987
0.415886
0.415785
0.415684
0.415584
0.415484
0.415385
0.415286
0.415188
0.41509
0.414993
0.414896
0.414799
0.414703
0.414608
0.414513
0.414419
0.414325
0.414231
0.414138
0.414046
0.413954
0.413863
0.413772
0.413682
0.413592
0.413503
0.413414
0.413326
0.413239
0.413152
0.413065
0.41298
0.412895
0.41281
0.412726
0.412643
0.41256
0.412477
0.412396
0.412315
0.412235
0.412155
0.412076
0.411997
0.411919
0.411842
0.411766
0.41169
0.411614
0.41154
0.411466
0.411393
0.41132
0.411248
0.411177
0.411106
0.411036
0.410967
0.410898
0.410831
0.410763
0.410697
0.410631
0.410566
0.410502
0.410438
0.410375
0.410313
0.410252
0.410191
0.410131
0.410072
0.410013
0.409955
0.409898
0.409842
0.409786
0.409731
0.409677
0.409623
0.40957
0.409518
0.409467
0.409417
0.409367
0.409318
0.409269
0.409221
0.409175
0.409128
0.409083
0.409038
0.408994
0.408951
0.408908
0.408866
0.408825
0.408784
0.408745
0.408706
0.408667
0.40863
0.408593
0.408556
0.408521
0.408486
0.408451
0.408418
0.408385
0.408353
0.408321
0.40829
0.40826
0.40823
0.408201
0.408172
0.408145
0.408117
0.408091
0.408065
0.408039
0.408014
0.40799
0.407966
0.407943
0.407921
0.407899
0.407877
0.407856
0.407836
0.407816
0.407797
0.407778
0.40776
0.407742
0.407724
0.407707
0.407691
0.407675
0.407659
0.407644
0.40763
0.407615
0.407601
0.407588
0.407575
0.407562
0.40755
0.407538
0.407527
0.407515
0.407505
0.407494
0.407484
0.407474
0.407465
0.407456
0.407447
0.407438
0.40743
0.407422
0.407414
0.407407
0.407399
0.407392
0.407386
0.407379
0.407373
0.407367
0.407361
0.407356
0.40735
0.407345
0.40734
0.407335
0.40733
0.407326
0.407322
0.407318
0.407314
0.40731
0.407306
0.407303
0.407299
0.407296
0.407293
0.40729
0.407287
0.407284
0.407282
0.407279
0.407277
0.407274
0.407272
0.40727
0.407268
0.407266
0.407264
0.407262
0.407261
0.407259
0.407257
0.407256
0.407254
0.407253
0.407252
0.40725
0.407249
0.407248
0.407247
0.407246
0.407245
0.407244
0.407243
0.407242
0.407241
0.40724
0.407239
0.407239
0.407238
0.407237
0.407236
0.407236
0.407235
0.407235
0.407234
0.407234
0.407233
0.407233
0.407232
0.407232
0.407231
0.407231
0.40723
0.40723
0.40723
0.407229
0.407229
0.407229
0.407228
0.407228
0.407228
0.407227
0.407227
0.407227
0.407227
0.407226
0.407226
0.407226
0.407226
0.407225
0.407225
0.407225
0.407225
0.407225
0.407225
0.407224
0.407224
0.407224
0.407224
0.407224
0.407224
0.407224
0.407223
0.407223
0.407223
0.407223
0.407223
0.407223
0.407223
0.407223
0.407223
0.407223
0.407223
0.407222
0.407222
0.407222
0.407222
0.407222
0.407222
0.407222
0.407222
0.407222
0.407222
0.407222
0.407222
0.407222
0.407222
0.407222
0.407222
0.407222
0.407222
0.407222
0.407222
0.407222
0.407222
0.407222
0.407222
0.407222
0.407222
0.407222
0.407222
0.407222
0.407222
0.407222
0.407222
0.407222
0.407222
0.407222
0.407222
0.407222
0.407222
0.407222
0.407222
0.407222
0.407222
0.407222
0.407223
0.407223
0.407223
0.407223
0.407223
0.407223
0.407223
0.407223
0.407223
0.407223
0.407223
0.407223
0.407223
0.407223
0.407223
0.407223
0.407223
0.407223
0.407223
0.407223
0.407223
0.407223
0.407223
0.407223
0.407223
0.407223
0.407224
0.407224
0.407224
0.407224
0.407224
0.407224
0.407224
0.407224
0.407224
0.407224
0.407224
0.407224
0.407224
0.407224
0.407224
0.407224
0.407224
0.407224
0.407224
0.407224
0.407224
0.407224
0.407224
0.407224
0.407224
0.407224
0.407224
0.407224
0.407224
0.407224
0.407223
0.407223
0.407223
0.407223
0.407223
0.407223
0.407223
0.407223
0.407223
0.407223
0.407223
0.407223
0.407223
0.407223
0.407223
0.407223
0.407223
0.407223
0.407222
0.407222
0.407222
0.407222
0.407222
0.407222
0.407222
0.407222
0.407222
0.407222
0.407222
0.407221
0.407221
0.407221
0.407221
0.407221
0.407221
0.407221
0.407221
0.407221
0.407221
0.40722
0.40722
0.40722
0.40722
0.40722
0.40722
0.40722
0.40722
0.407219
0.407219
0.407219
0.407219
0.407219
0.407219
0.407219
0.407219
0.407219
0.407218
0.407218
0.407218
0.407218
0.407218
0.407218
0.407218
0.407218
0.407217
0.407217
0.407217
0.407217
0.407217
0.407217
0.407217
0.407217
0.407217
0.407217
0.407216
0.407216
0.407216
0.407216
0.407216
0.407216
0.407216
0.407216
0.407216
0.407216
0.407216
0.407215
0.407215
0.407215
0.407215
0.407215
0.407215
0.407215
0.407215
0.407215
0.407215
0.407215
0.407215
0.407215
0.407215
0.407215
0.407215
0.407215
0.407215
0.407215
0.407215
0.407214
0.407214
0.407214
0.407214
0.407214
0.407214
0.407214
0.407214
0.407214
0.407214
0.407215
0.407215
0.407215
0.407215
0.407215
0.407215
0.407215
0.407215
0.407215
0.407215
0.407215
0.407215
0.407215
0.407215
0.407215
0.407215
0.407215
0.407215
0.407215
0.407216
0.407216
0.407216
0.407216
0.407216
0.407216
0.407216
0.407216
0.407216
0.407217
0.407217
0.407217
0.407217
0.407217
0.407217
0.407217
0.407217
0.407218
0.407218
0.407218
0.407218
0.407218
0.407218
0.407218
0.407219
0.407219
0.407219
0.407219
0.407219
0.407219
0.40722
0.40722
0.40722
0.40722
0.40722
0.40722
0.407221
0.407221
0.407221
0.407221
0.407221
0.407221
0.407222
0.407222
0.407222
0.407222
0.407222
0.407222
0.407223
0.407223
0.407223
0.407223
0.407223
0.407223
0.407224
0.407224
0.407224
0.407224
0.407224
0.407224
0.407225
0.407225
0.407225
0.407225
0.407225
0.407225
0.407225
0.407226
0.407226
0.407226
0.407226
0.407226
0.407226
0.407226
0.407227
0.407227
0.407227
0.407227
0.407227
0.407227
0.407227
0.407227
0.407227
0.407228
0.407228
0.407228
0.407228
0.407228
0.407228
0.407228
0.407228
0.407228
0.407228
0.407228
0.407228
0.407229
0.407229
0.407229
0.407229
0.407229
0.407229
0.407229
0.407229
0.407229
0.407229
0.407229
0.407229
0.407229
0.407229
0.407229
0.407229
0.407229
0.407229
0.407229
0.407229
0.407229
0.407229
0.407229
0.407229
0.407229
0.407229
0.407229
0.407229
0.407229
0.407229
0.407228
0.407228
0.407228
0.407228
0.407228
0.407228
0.407228
0.407228
0.407228
0.407228
0.407228
0.407228
0.407227
0.407227
0.407227
0.407227
0.407227
0.407227
0.407227
0.407227
0.407227
0.407226
0.407226
0.407226
0.407226
0.407226
0.407226
0.407226
0.407225
0.407225
0.407225
0.407225
0.407225
0.407225
0.407225
0.407224
0.407224
0.407224
0.407224
0.407224
0.407223
0.407223
0.407223
0.407223
0.407223
0.407223
0.407222
0.407222
0.407222
0.407222
0.407222
0.407221
0.407221
0.407221
0.407221
0.407221
0.40722
0.40722
0.40722
0.40722
0.40722
0.407219
0.407219
0.407219
0.407219
0.407219
0.407218
0.407218
0.407218
0.407218
0.407217
0.407217
0.407217
0.407217
0.407217
0.407216
0.407216
0.407216
0.407216
0.407215
0.407215
0.407215
0.407215
0.407215
0.407214
0.407214
0.407214
0.407214
0.407214
0.407213
0.407213
0.407213
0.407213
0.407213
0.407212
0.407212
0.407212
0.407212
0.407212
0.407211
0.407211
0.407211
0.407211
0.407211
0.40721
0.40721
0.40721
0.40721
0.40721
0.40721
0.407209
0.407209
0.407209
0.407209
0.407209
0.407209
0.407208
0.407208
0.407208
0.407208
0.407208
0.407208
0.407208
0.407208
0.407207
0.407207
0.407207
0.407207
0.407207
0.407207
0.407207
0.407207
0.407207
0.407207
0.407207
0.407207
0.407206
0.407206
0.407206
0.407206
0.407206
0.407206
0.407206
0.407206
0.407206
0.407206
0.407206
0.407206
0.407206
0.407206
0.407207
0.407207
0.407207
0.407207
0.407207
0.407207
0.407207
0.407207
0.407207
0.407207
0.407208
0.407208
0.407208
0.407208
0.407208
0.407208
0.407209
0.407209
0.407209
0.407209
0.407209
0.40721
0.40721
0.40721
0.40721
0.407211
0.407211
0.407211
0.407212
0.407212
0.407212
0.407213
0.407213
0.407213
0.407214
0.407214
0.407214
0.407215
0.407215
0.407216
0.407216
0.407217
0.407217
0.407218
0.407218
0.407218
0.407219
0.407219
0.40722
0.407221
0.407221
0.407222
0.407222
0.407223
0.407223
0.407224
0.407224
0.407225
0.407226
0.407226
0.407227
0.407227
0.407228
0.407229
0.407229
0.40723
0.407231
0.407231
0.407232
0.407233
0.407233
0.407234
0.407235
0.407236
0.407236
0.407237
0.407238
0.407238
0.407239
0.40724
0.407241
0.407241
0.407242
0.407243
0.407244
0.407245
0.407245
0.407246
0.407247
0.407248
0.407248
0.407249
0.40725
0.407251
0.407251
0.407252
0.407253
0.407254
0.407255
0.407255
0.407256
0.407257
0.407258
0.407258
0.407259
0.40726
0.407261
0.407261
0.407262
0.407263
0.407263
0.407264
0.407265
0.407266
0.407266
0.407267
0.407268
0.407268
0.407269
0.40727
0.40727
0.407271
0.407272
0.407272
0.407273
0.407273
0.407274
0.407275
0.407275
0.407276
0.407276
0.407277
0.407277
0.407278
0.407278
0.407279
0.407279
0.40728
0.40728
0.407281
0.407281
0.407282
0.407282
0.407282
0.407283
0.407283
0.407283
0.407284
0.407284
0.407284
0.407285
0.407285
0.407285
0.407285
0.407286
0.407286
0.407286
0.407286
0.407286
0.407287
0.407287
0.407287
0.407287
0.407287
0.407287
0.407287
0.407287
0.407287
0.407287
0.407287
0.407287
0.407287
0.407287
0.407287
0.407287
0.407287
0.407287
0.407287
0.407287
0.407287
0.407286
0.407286
0.407286
0.407286
0.407286
0.407286
0.407285
0.407285
0.407285
0.407285
0.407284
0.407284
0.407284
0.407284
0.407283
0.407283
0.407283
0.407282
0.407282
0.407282
0.407281
0.407281
0.407281
0.40728
0.40728
0.40728
0.407279
0.407279
0.407279
0.407278
0.407278
0.407277
0.407277
0.407277
0.407276
0.407276
0.407275
0.407275
0.407275
0.407274
0.407274
0.407273
0.407273
0.407273
0.407272
0.407272
0.407271
0.407271
0.407271
0.40727
0.40727
0.40727
0.407269
0.407269
0.407268
0.407268
0.407268
0.407267
0.407267
0.407267
0.407266
0.407266
0.407266
0.407265
0.407265
0.407265
0.407264
0.407264
0.407264
0.407264
0.407263
0.407263
0.407263
0.407263
0.407262
0.407262
0.407262
0.407262
0.407262
0.407261
0.407261
0.407261
0.407261
0.407261
0.407261
0.40726
0.40726
0.40726
0.40726
0.40726
0.40726
0.40726
0.40726
0.40726
0.40726
0.407259
0.407259
0.407259
0.407259
0.407259
0.407259
0.407259
0.407259
0.407259
0.407259
0.407259
0.407259
0.407259
0.407259
0.407259
0.407259
0.407259
0.407259
0.407259
0.407259
0.407259
0.407259
0.407259
0.407259
0.407259
0.40726
0.40726
0.40726
0.40726
0.40726
0.40726
0.40726
0.40726
0.40726
0.40726
0.40726
0.40726
0.40726
0.40726
0.40726
0.40726
0.40726
0.40726
0.40726
0.40726
0.40726
0.40726
0.40726
0.40726
0.407259
0.407259
0.407259
0.407259
0.407259
0.407259
0.407259
0.407259
0.407259
0.407259
0.407259
0.407258
0.407258
0.407258
0.407258
0.407258
0.407258
0.407257
0.407257
0.407257
0.407257
0.407257
0.407256
0.407256
0.407256
0.407256
0.407255
0.407255
0.407255
0.407255
0.407254
0.407254
0.407254
0.407253
0.407253
0.407253
0.407252
0.407252
0.407252
0.407251
0.407251
0.407251
0.40725
0.40725
0.407249
0.407249
0.407249
0.407248
0.407248
0.407248
0.407247
0.407247
0.407246
0.407246
0.407245
0.407245
0.407245
0.407244
0.407244
0.407243
0.407243
0.407242
0.407242
0.407241
0.407241
0.407241
0.40724
0.40724
0.407239
0.407239
0.407238
0.407238
0.407237
0.407237
0.407236
0.407236
0.407235
0.407235
0.407234
0.407234
0.407233
0.407233
0.407232
0.407232
0.407231
0.407231
0.40723
0.40723
0.407229
0.407229
0.407228
0.407228
0.407227
0.407227
0.407226
0.407226
0.407225
0.407225
0.407224
0.407224
0.407223
0.407223
0.407222
0.407222
0.407221
0.407221
0.40722
0.40722
0.407219
0.407219
0.407218
0.407218
0.407217
0.407217
0.407216
0.407216
0.407215
0.407215
0.407214
0.407214
0.407213
0.407213
0.407212
0.407212
0.407211
0.407211
0.407211
0.40721
0.40721
0.407209
0.407209
0.407208
0.407208
0.407207
0.407207
0.407206
0.407206
0.407205
0.407205
0.407204
0.407204
0.407204
0.407203
0.407203
0.407202
0.407202
0.407201
0.407201
0.407201
0.4072
0.4072
0.407199
0.407199
0.407199
0.407198
0.407198
0.407197
0.407197
0.407197
0.407196
0.407196
0.407196
0.407195
0.407195
0.407195
0.407194
0.407194
0.407194
0.407194
0.407193
0.407193
0.407193
0.407193
0.407192
0.407192
0.407192
0.407192
0.407191
0.407191
0.407191
0.407191
0.407191
0.40719
0.40719
0.40719
0.40719
0.40719
0.40719
0.40719
0.407189
0.407189
0.407189
0.407189
0.407189
0.407189
0.407189
0.407189
0.407189
0.407189
0.407188
0.407188
0.407188
0.407188
0.407188
0.407188
0.407188
0.407188
0.407188
0.407188
0.407188
0.407188
0.407188
0.407188
0.407188
0.407188
0.407188
0.407188
0.407188
0.407188
0.407188
0.407188
0.407188
0.407188
0.407188
0.407188
0.407188
0.407188
0.407188
0.407188
0.407188
0.407188
0.407188
0.407188
0.407188
0.407188
0.407188
0.407188
0.407188
0.407188
0.407188
0.407188
0.407188
0.407188
0.407188
0.407188
0.407188
0.407187
0.407187
0.407187
0.407187
0.407187
0.407187
0.407187
0.407187
0.407187
0.407187
0.407187
0.407187
0.407187
0.407186
0.407186
0.407186
0.407186
0.407186
0.407186
0.407186
0.407186
0.407186
0.407185
0.407185
0.407185
0.407185
0.407185
0.407185
0.407185
0.407185
0.407184
0.407184
0.407184
0.407184
0.407184
0.407184
0.407184
0.407184
0.407184
0.407184
0.407183
0.407183
0.407183
0.407183
0.407183
0.407183
0.407183
0.407183
0.407183
0.407183
0.407183
0.407183
0.407183
0.407183
0.407183
0.407183
0.407183
0.407183
0.407183
0.407183
0.407183
0.407183
0.407183
0.407183
0.407183
0.407184
0.407184
0.407184
0.407184
0.407184
0.407184
0.407184
0.407185
0.407185
0.407185
0.407185
0.407186
0.407186
0.407186
0.407186
0.407187
0.407187
0.407187
0.407188
0.407188
0.407188
0.407189
0.407189
0.407189
0.40719
0.40719
0.407191
0.407191
0.407191
0.407192
0.407192
0.407193
0.407193
0.407194
0.407194
0.407195
0.407195
0.407196
0.407196
0.407197
0.407197
0.407198
0.407199
0.407199
0.4072
0.4072
0.407201
0.407202
0.407202
0.407203
0.407203
0.407204
0.407205
0.407205
0.407206
0.407206
0.407207
0.407208
0.407208
0.407209
0.40721
0.40721
0.407211
0.407212
0.407212
0.407213
0.407214
0.407214
0.407215
0.407215
0.407216
0.407217
0.407217
0.407218
0.407219
0.407219
0.40722
0.40722
0.407221
0.407222
0.407222
0.407223
0.407223
0.407224
0.407224
0.407225
0.407226
0.407226
0.407227
0.407227
0.407228
0.407228
0.407229
0.407229
0.407229
0.40723
0.40723
0.407231
0.407231
0.407232
0.407232
0.407232
0.407233
0.407233
0.407233
0.407234
0.407234
0.407234
0.407235
0.407235
0.407235
0.407235
0.407235
0.407236
0.407236
0.407236
0.407236
0.407236
0.407236
0.407237
0.407237
0.407237
0.407237
0.407237
0.407237
0.407237
0.407237
0.407237
0.407237
0.407237
0.407237
0.407237
0.407236
0.407236
0.407236
0.407236
0.407236
0.407236
0.407236
0.407235
0.407235
0.407235
0.407235
0.407235
0.407234
0.407234
0.407234
0.407233
0.407233
0.407233
0.407232
0.407232
0.407232
0.407231
0.407231
0.407231
0.40723
0.40723
0.407229
0.407229
0.407228
0.407228
0.407227
0.407227
0.407227
0.407226
0.407226
0.407225
0.407225
0.407224
0.407223
0.407223
0.407222
0.407222
0.407221
0.407221
0.40722
0.40722
0.407219
0.407218
0.407218
0.407217
0.407217
0.407216
0.407215
0.407215
0.407214
0.407214
0.407213
0.407212
0.407212
0.407211
0.40721
0.40721
0.407209
0.407209
0.407208
0.407207
0.407207
0.407206
0.407205
0.407205
0.407204
0.407203
0.407203
0.407202
0.407201
0.407201
0.4072
0.407199
0.407199
0.407198
0.407197
0.407197
0.407196
0.407196
0.407195
0.407194
0.407194
0.407193
0.407192
0.407192
0.407191
0.40719
0.40719
0.407189
0.407188
0.407188
0.407187
0.407186
0.407186
0.407185
0.407185
0.407184
0.407183
0.407183
0.407182
0.407181
0.407181
0.40718
0.40718
0.407179
0.407178
0.407178
0.407177
0.407177
0.407176
0.407175
0.407175
0.407174
0.407174
0.407173
0.407172
0.407172
0.407171
0.407171
0.40717
0.40717
0.407169
0.407168
0.407168
0.407167
0.407167
0.407166
0.407166
0.407165
0.407165
0.407164
0.407164
0.407163
0.407163
0.407162
0.407162
0.407161
0.407161
0.40716
0.40716
0.407159
0.407159
0.407159
0.407158
0.407158
0.407157
0.407157
0.407157
0.407156
0.407156
0.407155
0.407155
0.407155
0.407154
0.407154
0.407154
0.407153
0.407153
0.407153
0.407153
0.407152
0.407152
0.407152
0.407152
0.407151
0.407151
0.407151
0.407151
0.40715
0.40715
0.40715
0.40715
0.40715
0.40715
0.40715
0.407149
0.407149
0.407149
0.407149
0.407149
0.407149
0.407149
0.407149
0.407149
0.407149
0.407149
0.407149
0.407148
0.407148
0.407148
0.407148
0.407148
0.407148
0.407148
0.407148
0.407148
0.407148
0.407148
0.407148
0.407148
0.407148
0.407148
0.407148
0.407148
0.407148
0.407148
0.407148
0.407148
0.407148
0.407148
0.407148
0.407148
0.407148
0.407147
0.407147
0.407147
0.407147
0.407147
0.407147
0.407146
0.407146
0.407146
0.407146
0.407146
0.407145
0.407145
0.407145
0.407144
0.407144
0.407143
0.407143
0.407143
0.407142
0.407142
0.407141
0.40714
0.40714
0.407139
0.407139
0.407138
0.407137
0.407136
0.407136
0.407135
0.407134
0.407133
0.407132
0.407131
0.40713
0.407129
0.407128
0.407127
0.407126
0.407125
0.407124
0.407123
0.407121
0.40712
0.407119
0.407117
0.407116
0.407115
0.407113
0.407112
0.40711
0.407109
0.407107
0.407106
0.407104
0.407103
0.407101
0.407099
0.407098
0.407096
0.407094
0.407093
0.407091
0.407089
0.407087
0.407086
0.407084
0.407082
0.40708
0.407079
0.407077
0.407075
0.407073
0.407072
0.40707
0.407068
0.407066
0.407065
0.407063
0.407061
0.40706
0.407058
0.407057
0.407055
0.407054
0.407052
0.407051
0.407049
0.407048
0.407046
0.407045
0.407044
0.407043
0.407042
0.40704
0.407039
0.407038
0.407037
0.407037
0.407036
0.407035
0.407034
0.407033
0.407033
0.407032
0.407032
0.407031
0.407031
0.407031
0.40703
0.40703
0.40703
0.40703
0.40703
0.40703
0.40703
0.40703
0.40703
0.407031
0.407031
0.407031
0.407032
0.407032
0.407033
0.407033
0.407034
0.407035
0.407035
0.407036
0.407037
0.407038
0.407039
0.407039
0.40704
0.407041
0.407042
0.407043
0.407044
0.407045
0.407046
0.407047
0.407048
0.407049
0.40705
0.407051
0.407052
0.407053
0.407055
0.407056
0.407057
0.407058
0.407059
0.407059
0.40706
0.407061
0.407062
0.407063
0.407064
0.407065
0.407066
0.407066
0.407067
0.407068
0.407068
0.407069
0.407069
0.40707
0.40707
0.407071
0.407071
0.407072
0.407072
0.407072
0.407072
0.407073
0.407073
0.407073
0.407073
0.407073
0.407073
0.407073
0.407072
0.407072
0.407072
0.407072
0.407071
0.407071
0.40707
0.40707
0.407069
0.407069
0.407068
0.407068
0.407067
0.407066
0.407066
0.407065
0.407064
0.407063
0.407062
0.407061
0.40706
0.40706
0.407059
0.407058
0.407057
0.407055
0.407054
0.407053
0.407052
0.407051
0.40705
0.407049
0.407048
0.407046
0.407045
0.407044
0.407043
0.407042
0.40704
0.407039
0.407038
0.407037
0.407035
0.407034
0.407033
0.407032
0.40703
0.407029
0.407028
0.407027
0.407025
0.407024
0.407023
0.407022
0.40702
0.407019
0.407018
0.407017
0.407016
0.407014
0.407013
0.407012
0.407011
0.40701
0.407009
0.407008
0.407006
0.407005
0.407004
0.407003
0.407002
0.407001
0.407
0.406999
0.406998
0.406997
0.406996
0.406995
0.406994
0.406993
0.406992
0.406992
0.406991
0.40699
0.406989
0.406988
0.406987
0.406987
0.406986
0.406985
0.406984
0.406983
0.406983
0.406982
0.406981
0.40698
0.40698
0.406979
0.406978
0.406978
0.406977
0.406976
0.406975
0.406975
0.406974
0.406973
0.406973
0.406972
0.406972
0.406971
0.40697
0.40697
0.406969
0.406968
0.406968
0.406967
0.406966
0.406966
0.406965
0.406964
0.406964
0.406963
0.406962
0.406962
0.406961
0.40696
0.40696
0.406959
0.406958
0.406957
0.406957
0.406956
0.406955
0.406954
0.406954
0.406953
0.406952
0.406951
0.40695
0.406949
0.406949
0.406948
0.406947
0.406946
0.406945
0.406944
0.406943
0.406942
0.406941
0.40694
0.406939
0.406938
0.406937
0.406936
0.406935
0.406934
0.406933
0.406932
0.40693
0.406929
0.406928
0.406927
0.406926
0.406925
0.406923
0.406922
0.406921
0.40692
0.406919
0.406917
0.406916
0.406915
0.406913
0.406912
0.406911
0.406909
0.406908
0.406907
0.406905
0.406904
0.406903
0.406901
0.4069
0.406899
0.406897
0.406896
0.406894
0.406893
0.406892
0.40689
0.406889
0.406887
0.406886
0.406885
0.406883
0.406882
0.40688
0.406879
0.406877
0.406876
0.406874
0.406873
0.406872
0.40687
0.406869
0.406867
0.406866
0.406864
0.406863
0.406861
0.40686
0.406858
0.406857
0.406855
0.406854
0.406852
0.406851
0.406849
0.406847
0.406846
0.406844
0.406843
0.406841
0.406839
0.406838
0.406836
0.406834
0.406833
0.406831
0.406829
0.406827
0.406825
0.406824
0.406822
0.40682
0.406818
0.406816
0.406814
0.406812
0.40681
0.406808
0.406806
0.406803
0.406801
0.406799
0.406797
0.406794
0.406792
0.40679
0.406787
0.406785
0.406782
0.406779
0.406777
0.406774
0.406771
0.406768
0.406765
0.406762
0.406759
0.406756
0.406753
0.40675
0.406747
0.406743
0.40674
0.406737
0.406733
0.406729
0.406726
0.406722
0.406718
0.406715
0.406711
0.406707
0.406703
0.406699
0.406695
0.40669
0.406686
0.406682
0.406677
0.406673
0.406668
0.406664
0.406659
0.406655
0.40665
0.406645
0.40664
0.406636
0.406631
0.406626
0.406621
0.406616
0.40661
0.406605
0.4066
0.406595
0.40659
0.406584
0.406579
0.406574
0.406568
0.406563
0.406557
0.406552
0.406546
0.406541
0.406535
0.406529
0.406524
0.406518
0.406513
0.406507
0.406501
0.406496
0.40649
0.406484
0.406478
0.406473
0.406467
0.406461
0.406455
0.40645
0.406444
0.406438
0.406432
0.406426
0.406421
0.406415
0.406409
0.406403
0.406397
0.406392
0.406386
0.40638
0.406374
0.406368
0.406362
0.406356
0.40635
0.406345
0.406339
0.406333
0.406327
0.406321
0.406315
0.406308
0.406302
0.406296
0.40629
0.406283
0.406277
0.40627
0.406264
0.406257
0.40625
0.406243
0.406236
0.406229
0.406222
0.406214
0.406207
0.406199
0.406191
0.406182
0.406174
0.406165
0.406156
0.406146
0.406137
0.406127
0.406116
0.406105
0.406094
0.406083
0.406071
0.406058
0.406045
0.406031
0.406017
0.406002
0.405987
0.405971
0.405954
0.405937
0.405918
0.405899
0.405879
0.405858
0.405836
0.405813
0.405789
0.405764
0.405738
0.40571
0.405681
0.405651
0.40562
0.405587
0.405552
0.405516
0.405479
0.405439
0.405398
0.405355
0.40531
0.405263
0.405213
0.405162
0.405108
0.405052
0.404994
0.404932
0.404869
0.404802
0.404733
0.40466
0.404585
0.404506
0.404424
0.404339
0.40425
0.404157
0.404061
0.403961
0.403857
0.403748
0.403635
0.403518
0.403397
0.40327
0.403139
0.403002
0.402861
0.402714
0.402562
0.402404
0.40224
0.402071
0.401895
0.401713
0.401525
0.40133
0.401128
0.40092
0.400704
0.400481
0.40025
0.400012
0.399767
0.399513
0.399251
0.398981
0.398702
0.398414
0.398118
0.397813
0.397499
0.397175
0.396842
0.396499
0.396146
0.395783
0.39541
0.395027
0.394633
0.394228
0.393813
0.393387
0.39295
0.392501
0.392042
0.39157
0.391087
0.390593
0.390087
0.389568
0.389038
0.388496
0.387941
0.387374
0.386795
0.386203
0.385599
0.384983
0.384354
0.383712
0.383058
0.382391
0.381711
0.381019
0.380314
0.379597
0.378867
0.378125
0.37737
0.376603
0.375823
0.375032
0.374228
0.373412
0.372585
0.371745
0.370894
0.370032
0.369158
0.368273
0.367378
0.366471
0.365554
0.364627
0.363689
0.362742
0.361785
0.360818
0.359843
0.358859
0.357866
0.356865
0.355856
0.35484
0.353816
0.352785
0.351748
0.350704
0.349655
0.3486
0.347539
0.346474
0.345405
0.344331
0.343254
0.342173
0.341089
0.340003
0.338915
0.337825
0.336734
0.335642
0.334549
0.333457
0.332364
0.331273
0.330182
0.329094
0.328007
0.326922
0.325841
0.324762
0.323688
0.322617
0.32155
0.320488
0.319432
0.318381
0.317335
0.316296
0.315264
0.314238
0.31322
0.312209
0.311206
0.310212
0.309225
0.308248
0.30728
0.306321
0.305372
0.304433
0.303504
0.302586
0.301678
0.30078
0.299894
0.29902
0.298156
0.297304
0.296465
0.295636
0.29482
0.294017
0.293225
0.292446
0.291679
0.290925
0.290184
0.289455
0.28874
0.288037
0.287347
0.286669
0.286005
0.285353
0.284715
0.284089
0.283476
0.282876
0.282289
0.281714
0.281152
0.280602
0.280065
0.279541
0.279029
0.278529
0.278041
0.277565
0.277101
0.276648
0.276207
0.275778
0.27536
0.274953
0.274558
0.274173
0.273799
0.273435
0.273082
0.272739
0.272406
0.272084
0.27177
0.271467
0.271172
0.270887
0.270611
0.270343
0.270085
0.269834
0.269592
0.269358
0.269132
0.268914
0.268703
0.268499
0.268303
0.268114
0.267931
0.267755
0.267585
0.267422
0.267265
0.267114
0.266968
0.266828
0.266694
0.266565
0.266441
0.266321
0.266207
0.266097
0.265992
0.265891
0.265794
0.265702
0.265613
0.265528
0.265447
0.265369
0.265295
0.265224
0.265156
0.265091
0.26503
0.264971
0.264914
0.26486
0.264809
0.264761
0.264714
0.26467
0.264628
0.264588
0.26455
0.264513
0.264479
0.264446
0.264415
0.264386
0.264358
0.264331
0.264306
0.264282
0.26426
0.264238
0.264218
0.264199
0.264181
0.264164
0.264148
0.264132
0.264118
0.264104
0.264091
0.264079
0.264068
0.264057
0.264047
0.264038
0.264029
0.26402
0.264012
0.264005
0.263998
0.263991
0.263985
0.263979
0.263974
0.263969
0.263964
0.26396
0.263955
0.263952
0.263948
0.263945
0.263941
0.263938
0.263936
0.263933
0.263931
0.263928
0.263926
0.263924
0.263923
0.263921
0.263919
0.263918
0.263917
0.263915
0.263914
0.263913
0.263912
0.263911
0.26391
0.26391
0.263909
0.263908
0.263908
0.263907
0.263907
0.263906
0.263906
0.263905
0.263905
0.263904
0.263904
0.263904
0.263903
0.263903
0.263903
0.263903
0.263902
0.263902
0.263902
0.263902
0.263902
0.263901
0.263901
0.263901
0.263901
0.263901
0.2639
0.2639
0.2639
0.2639
0.2639
0.263899
0.263899
0.263899
0.263899
0.263899
0.263898
0.263898
0.263898
0.263898
0.263897
0.263897
0.263897
0.263897
0.263897
0.263896
0.263896
0.263896
0.263895
0.263895
0.263895
0.263895
0.263894
0.263894
0.263894
0.263893
0.263893
0.263893
0.263892
0.263892
0.263892
0.263891
0.263891
0.263891
0.26389
0.26389
0.26389
0.263889
0.263889
0.263888
0.263888
0.263888
0.263887
0.263887
0.263887
0.263886
0.263886
0.263885
0.263885
0.263885
0.263884
0.263884
0.263883
0.263883
0.263883
0.263882
0.263882
0.263882
0.263881
0.263881
0.26388
0.26388
0.26388
0.263879
0.263879
0.263879
0.263878
0.263878
0.263878
0.263877
0.263877
0.263877
0.263876
0.263876
0.263876
0.263875
0.263875
0.263875
0.263874
0.263874
0.263874
0.263874
0.263873
0.263873
0.263873
0.263872
0.263872
0.263872
0.263872
0.263872
0.263871
0.263871
0.263871
0.263871
0.26387
0.26387
0.26387
0.26387
0.26387
0.26387
0.263869
0.263869
0.263869
0.263869
0.263869
0.263869
0.263868
0.263868
0.263868
0.263868
0.263868
0.263868
0.263868
0.263868
0.263868
0.263868
0.263867
0.263867
0.263867
0.263867
0.263867
0.263867
0.263867
0.263867
0.263867
0.263867
0.263867
0.263867
0.263867
0.263867
0.263867
0.263867
0.263867
0.263867
0.263867
0.263867
0.263867
0.263867
0.263867
0.263867
0.263867
0.263867
0.263867
0.263867
0.263867
0.263867
0.263867
0.263867
0.263867
0.263867
0.263867
0.263867
0.263867
0.263867
0.263867
0.263867
0.263867
0.263867
0.263867
0.263867
0.263867
0.263867
0.263867
0.263867
0.263867
0.263867
0.263867
0.263867
0.263867
0.263867
0.263867
0.263867
0.263867
0.263867
0.263867
0.263867
0.263867
0.263867
0.263867
0.263867
0.263867
0.263868
0.263868
0.263868
0.263868
0.263868
0.263868
0.263868
0.263868
0.263868
0.263868
0.263868
0.263868
0.263868
0.263868
0.263868
0.263868
0.263868
0.263868
0.263868
0.263868
0.263868
0.263868
0.263868
0.263868
0.263868
0.263868
0.263868
0.263868
0.263868
0.263868
0.263868
0.263868
0.263868
0.263868
0.263868
0.263868
0.263868
0.263868
0.263868
0.263869
0.263869
0.263869
0.263869
0.263869
0.263869
0.263869
0.263869
0.263869
0.263869
0.263869
0.263869
0.263869
0.263869
0.263869
0.263869
0.263869
0.263869
0.263869
0.263869
0.263869
0.263869
0.263869
0.263869
0.263869
0.263869
0.263869
0.263869
0.263869
0.263869
0.263869
0.263869
0.26387
0.26387
0.26387
0.26387
0.26387
0.26387
0.26387
0.26387
0.26387
0.26387
0.26387
0.26387
0.26387
0.26387
0.26387
0.26387
0.26387
0.26387
0.26387
0.26387
0.26387
0.263871
0.263871
0.263871
0.263871
0.263871
0.263871
0.263871
0.263871
0.263871
0.263871
0.263871
0.263871
0.263871
0.263871
0.263871
0.263872
0.263872
0.263872
0.263872
0.263872
0.263872
0.263872
0.263872
0.263872
0.263872
0.263872
0.263872
0.263872
0.263872
0.263873
0.263873
0.263873
0.263873
0.263873
0.263873
0.263873
0.263873
0.263873
0.263873
0.263873
0.263873
0.263873
0.263873
0.263873
0.263873
0.263873
0.263873
0.263874
0.263874
0.263874
0.263874
0.263874
0.263874
0.263874
0.263874
0.263874
0.263874
0.263874
0.263874
0.263874
0.263874
0.263874
0.263874
0.263874
0.263874
0.263874
0.263874
0.263874
0.263874
0.263873
0.263873
0.263873
0.263873
0.263873
0.263873
0.263873
0.263873
0.263873
0.263873
0.263873
0.263873
0.263872
0.263872
0.263872
0.263872
0.263872
0.263872
0.263872
0.263871
0.263871
0.263871
0.263871
0.263871
0.26387
0.26387
0.26387
0.26387
0.263869
0.263869
0.263869
0.263869
0.263868
0.263868
0.263868
0.263867
0.263867
0.263867
0.263866
0.263866
0.263866
0.263865
0.263865
0.263865
0.263864
0.263864
0.263863
0.263863
0.263863
0.263862
0.263862
0.263861
0.263861
0.263861
0.26386
0.26386
0.263859
0.263859
0.263858
0.263858
0.263857
0.263857
0.263856
0.263856
0.263855
0.263855
0.263854
0.263854
0.263853
0.263853
0.263852
0.263852
0.263851
0.263851
0.26385
0.26385
0.263849
0.263849
0.263848
0.263848
0.263847
0.263847
0.263846
0.263846
0.263845
0.263845
0.263844
0.263844
0.263844
0.263843
0.263843
0.263842
0.263842
0.263841
0.263841
0.263841
0.26384
0.26384
0.263839
0.263839
0.263839
0.263838
0.263838
0.263838
0.263837
0.263837
0.263837
0.263836
0.263836
0.263836
0.263835
0.263835
0.263835
0.263835
0.263834
0.263834
0.263834
0.263834
0.263833
0.263833
0.263833
0.263833
0.263833
0.263832
0.263832
0.263832
0.263832
0.263831
0.263831
0.263831
0.263831
0.26383
0.26383
0.26383
0.26383
0.263829
0.263829
0.263829
0.263829
0.263828
0.263828
0.263828
0.263827
0.263827
0.263827
0.263826
0.263826
0.263825
0.263825
0.263824
0.263824
0.263824
0.263823
0.263822
0.263822
0.263821
0.263821
0.26382
0.263819
0.263819
0.263818
0.263817
0.263817
0.263816
0.263815
0.263814
0.263813
0.263812
0.263812
0.263811
0.26381
0.263809
0.263808
0.263807
0.263806
0.263804
0.263803
0.263802
0.263801
0.2638
0.263799
0.263797
0.263796
0.263795
0.263793
0.263792
0.263791
0.263789
0.263788
0.263786
0.263785
0.263784
0.263782
0.263781
0.263779
0.263778
0.263776
0.263774
0.263773
0.263771
0.26377
0.263768
0.263767
0.263765
0.263764
0.263762
0.26376
0.263759
0.263757
0.263756
0.263754
0.263753
0.263751
0.26375
0.263748
0.263747
0.263746
0.263744
0.263743
0.263741
0.26374
0.263739
0.263738
0.263736
0.263735
0.263734
0.263733
0.263732
0.263731
0.26373
0.263729
0.263728
0.263727
0.263726
0.263726
0.263725
0.263724
0.263724
0.263723
0.263723
0.263722
0.263722
0.263721
0.263721
0.263721
0.263721
0.263721
0.263721
0.263721
0.263721
0.263721
0.263721
0.263722
0.263722
0.263722
0.263723
0.263723
0.263724
0.263724
0.263725
0.263726
0.263727
0.263727
0.263728
0.263729
0.26373
0.263731
0.263732
0.263734
0.263735
0.263736
0.263737
0.263739
0.26374
0.263741
0.263743
0.263744
0.263745
0.263747
0.263748
0.26375
0.263751
0.263753
0.263755
0.263756
0.263758
0.263759
0.263761
0.263762
0.263764
0.263765
0.263767
0.263768
0.26377
0.263771
0.263773
0.263774
0.263776
0.263777
0.263778
0.263779
0.263781
0.263782
0.263783
0.263784
0.263785
0.263786
0.263787
0.263787
0.263788
0.263789
0.263789
0.26379
0.26379
0.263791
0.263791
0.263791
0.263791
0.263791
0.263791
0.263791
0.263791
0.263791
0.26379
0.26379
0.263789
0.263788
0.263788
0.263787
0.263786
0.263785
0.263784
0.263782
0.263781
0.26378
0.263778
0.263777
0.263775
0.263773
0.263772
0.26377
0.263768
0.263766
0.263764
0.263762
0.26376
0.263757
0.263755
0.263753
0.263751
0.263748
0.263746
0.263743
0.263741
0.263739
0.263736
0.263734
0.263731
0.263729
0.263726
0.263724
0.263721
0.263719
0.263717
0.263714
0.263712
0.26371
0.263707
0.263705
0.263703
0.263701
0.263699
0.263697
0.263695
0.263693
0.263692
0.26369
0.263688
0.263687
0.263685
0.263684
0.263683
0.263682
0.26368
0.263679
0.263679
0.263678
0.263677
0.263676
0.263676
0.263675
0.263675
0.263675
0.263675
0.263674
0.263674
0.263675
0.263675
0.263675
0.263675
0.263676
0.263676
0.263677
0.263677
0.263678
0.263678
0.263679
0.26368
0.263681
0.263682
0.263683
0.263684
0.263685
0.263686
0.263687
0.263688
0.263689
0.26369
0.263691
0.263692
0.263694
0.263695
0.263696
0.263697
0.263698
0.263699
0.2637
0.263701
0.263702
0.263703
0.263704
0.263705
0.263706
0.263707
0.263708
0.263709
0.26371
0.263711
0.263711
0.263712
0.263713
0.263713
0.263714
0.263715
0.263715
0.263716
0.263716
0.263716
0.263717
0.263717
0.263718
0.263718
0.263718
0.263718
0.263719
0.263719
0.263719
0.263719
0.263719
0.263719
0.26372
0.26372
0.26372
0.26372
0.26372
0.26372
0.26372
0.26372
0.263721
0.263721
0.263721
0.263721
0.263721
0.263721
0.263722
0.263722
0.263722
0.263723
0.263723
0.263723
0.263724
0.263724
0.263725
0.263725
0.263726
0.263727
0.263727
0.263728
0.263729
0.26373
0.263731
0.263732
0.263732
0.263733
0.263734
0.263736
0.263737
0.263738
0.263739
0.26374
0.263741
0.263743
0.263744
0.263745
0.263747
0.263748
0.263749
0.263751
0.263752
0.263754
0.263755
0.263756
0.263758
0.263759
0.263761
0.263762
0.263763
0.263764
0.263766
0.263767
0.263768
0.263769
0.26377
0.263771
0.263772
0.263773
0.263774
0.263775
0.263775
0.263776
0.263777
0.263777
0.263777
0.263777
0.263778
0.263778
0.263778
0.263777
0.263777
0.263777
0.263776
0.263775
0.263774
0.263774
0.263773
0.263771
0.26377
0.263769
0.263767
0.263765
0.263764
0.263762
0.26376
0.263757
0.263755
0.263753
0.26375
0.263748
0.263745
0.263742
0.263739
0.263736
0.263733
0.26373
0.263726
0.263723
0.26372
0.263716
0.263712
0.263709
0.263705
0.263702
0.263698
0.263694
0.26369
0.263687
0.263683
0.263679
0.263676
0.263672
0.263668
0.263665
0.263661
0.263658
0.263654
0.263651
0.263648
0.263645
0.263642
0.263639
0.263636
0.263633
0.263631
0.263628
0.263626
0.263624
0.263622
0.26362
0.263618
0.263617
0.263616
0.263615
0.263614
0.263613
0.263612
0.263612
0.263611
0.263611
0.263611
0.263612
0.263612
0.263613
0.263614
0.263615
0.263616
0.263617
0.263619
0.26362
0.263622
0.263624
0.263626
0.263628
0.26363
0.263633
0.263636
0.263638
0.263641
0.263644
0.263647
0.26365
0.263653
0.263656
0.263659
0.263663
0.263666
0.263669
0.263673
0.263676
0.263679
0.263683
0.263686
0.263689
0.263693
0.263696
0.263699
0.263702
0.263705
0.263709
0.263712
0.263715
0.263717
0.26372
0.263723
0.263725
0.263728
0.26373
0.263733
0.263735
0.263737
0.263739
0.263741
0.263743
0.263744
0.263746
0.263747
0.263748
0.26375
0.263751
0.263752
0.263752
0.263753
0.263754
0.263754
0.263755
0.263755
0.263755
0.263755
0.263755
0.263755
0.263755
0.263755
0.263754
0.263754
0.263753
0.263753
0.263752
0.263751
0.26375
0.263749
0.263748
0.263748
0.263746
0.263745
0.263744
0.263743
0.263742
0.263741
0.263739
0.263738
0.263737
0.263735
0.263734
0.263733
0.263731
0.26373
0.263729
0.263727
0.263726
0.263724
0.263723
0.263721
0.26372
0.263718
0.263717
0.263715
0.263714
0.263712
0.263711
0.263709
0.263708
0.263707
0.263705
0.263704
0.263702
0.263701
0.2637
0.263698
0.263697
0.263696
0.263695
0.263693
0.263692
0.263691
0.26369
0.263689
0.263688
0.263687
0.263687
0.263686
0.263685
0.263684
0.263684
0.263683
0.263683
0.263682
0.263682
0.263682
0.263681
0.263681
0.263681
0.263681
0.263681
0.263681
0.263681
0.263681
0.263681
0.263681
0.263681
0.263681
0.263681
0.263682
0.263682
0.263682
0.263683
0.263683
0.263683
0.263684
0.263684
0.263685
0.263686
0.263686
0.263687
0.263688
0.263688
0.263689
0.26369
0.263691
0.263692
0.263693
0.263694
0.263695
0.263696
0.263697
0.263698
0.263699
0.263701
0.263702
0.263703
0.263704
0.263705
0.263707
0.263708
0.263709
0.263711
0.263712
0.263713
0.263715
0.263716
0.263717
0.263718
0.26372
0.263721
0.263722
0.263724
0.263725
0.263726
0.263727
0.263729
0.26373
0.263731
0.263732
0.263733
0.263735
0.263736
0.263737
0.263738
0.263739
0.26374
0.263741
0.263743
0.263744
0.263745
0.263746
0.263747
0.263748
0.263749
0.26375
0.263751
0.263751
0.263752
0.263753
0.263754
0.263755
0.263755
0.263756
0.263757
0.263758
0.263758
0.263759
0.26376
0.26376
0.263761
0.263761
0.263762
0.263763
0.263763
0.263764
0.263765
0.263765
0.263766
0.263767
0.263767
0.263768
0.263769
0.263769
0.26377
0.263771
0.263772
0.263772
0.263773
0.263774
0.263774
0.263775
0.263776
0.263776
0.263777
0.263778
0.263778
0.263779
0.263779
0.26378
0.26378
0.263781
0.263781
0.263782
0.263782
0.263783
0.263783
0.263784
0.263784
0.263785
0.263785
0.263786
0.263786
0.263787
0.263788
0.263788
0.263789
0.263789
0.26379
0.263791
0.263791
0.263792
0.263793
0.263793
0.263794
0.263794
0.263795
0.263796
0.263796
0.263797
0.263797
0.263797
0.263798
0.263798
0.263798
0.263798
0.263798
0.263798
0.263798
0.263798
0.263798
0.263798
0.263797
0.263797
0.263797
0.263796
0.263796
0.263795
0.263794
0.263794
0.263793
0.263793
0.263792
0.263791
0.26379
0.263789
0.263789
0.263788
0.263787
0.263786
0.263785
0.263783
0.263782
0.263781
0.263779
0.263778
0.263776
0.263775
0.263773
0.263771
0.263769
0.263767
0.263765
0.263763
0.26376
0.263758
0.263755
0.263753
0.26375
0.263747
0.263745
0.263742
0.263739
0.263736
0.263733
0.26373
0.263728
0.263725
0.263722
0.263719
0.263717
0.263714
0.263711
0.263709
0.263706
0.263704
0.263702
0.263699
0.263697
0.263695
0.263693
0.263691
0.263689
0.263687
0.263685
0.263683
0.263681
0.263679
0.263677
0.263675
0.263673
0.263672
0.26367
0.263669
0.263667
0.263666
0.263664
0.263663
0.263662
0.263661
0.26366
0.263659
0.263659
0.263658
0.263658
0.263658
0.263658
0.263659
0.263659
0.26366
0.263661
0.263662
0.263663
0.263664
0.263665
0.263667
0.263669
0.26367
0.263672
0.263674
0.263676
0.263678
0.26368
0.263682
0.263684
0.263686
0.263688
0.26369
0.263692
0.263694
0.263696
0.263698
0.2637
0.263702
0.263704
0.263706
0.263709
0.263711
0.263713
0.263715
0.263717
0.26372
0.263722
0.263725
0.263727
0.26373
0.263733
0.263736
0.263738
0.263741
0.263744
0.263747
0.26375
0.263753
0.263756
0.263758
0.263761
0.263764
0.263766
0.263769
0.263771
0.263773
0.263775
0.263777
0.263779
0.263781
0.263782
0.263784
0.263785
0.263786
0.263788
0.263789
0.26379
0.263791
0.263792
0.263793
0.263795
0.263796
0.263797
0.263798
0.2638
0.263801
0.263803
0.263804
0.263806
0.263807
0.263809
0.263811
0.263812
0.263814
0.263815
0.263817
0.263818
0.263819
0.26382
0.263821
0.263821
0.263822
0.263822
0.263822
0.263822
0.263821
0.263821
0.26382
0.263819
0.263818
0.263816
0.263815
0.263813
0.263811
0.26381
0.263808
0.263806
0.263804
0.263802
0.2638
0.263798
0.263796
0.263794
0.263792
0.26379
0.263788
0.263786
0.263784
0.263782
0.263779
0.263777
0.263775
0.263772
0.263769
0.263767
0.263764
0.26376
0.263757
0.263753
0.26375
0.263746
0.263742
0.263738
0.263734
0.26373
0.263726
0.263722
0.263718
0.263714
0.26371
0.263707
0.263703
0.2637
0.263697
0.263695
0.263693
0.263691
0.26369
0.263689
0.263689
0.263689
0.263689
0.26369
0.263691
0.263693
0.263695
0.263697
0.263699
0.263701
0.263704
0.263707
0.263711
0.263714
0.263717
0.26372
0.263724
0.263727
0.263731
0.263734
0.263738
0.263742
0.263746
0.26375
0.263753
0.263757
0.263761
0.263765
0.26377
0.263775
0.26378
0.263784
0.263789
0.263794
0.263799
0.263804
0.26381
0.263815
0.263821
0.263826
0.26383
0.263834
0.263838
0.263842
0.263846
0.26385
0.263852
0.263854
0.263855
0.263856
0.263855
0.263855
0.263854
0.263852
0.26385
0.263847
0.263842
0.263838
0.263832
0.263826
0.263821
0.263815
0.263808
0.263801
0.263794
0.263786
0.263779
0.263771
0.263764
0.263756
0.263749
0.263741
0.263734
0.263726
0.263718
0.263711
0.263703
0.263696
0.263689
0.263681
0.263673
0.263665
0.263657
0.263649
0.263642
0.263634
0.263627
0.263619
0.263611
0.263603
0.263595
0.263588
0.263581
0.263576
0.26357
0.263566
0.263561
0.263557
0.263553
0.26355
0.263548
0.263547
0.263548
0.26355
0.263552
0.263554
0.263557
0.26356
0.263564
0.263569
0.263575
0.263581
0.263587
0.263593
0.263598
0.263604
0.26361
0.263615
0.263621
0.263626
0.263631
0.263635
0.263638
0.263642
0.263645
0.263648
0.263652
0.263654
0.263656
0.263658
0.263659
0.263661
0.263664
0.263668
0.263672
0.263676
0.263679
0.263682
0.263684
0.263688
0.263693
0.2637
0.263706
0.263711
0.263716
0.263719
0.263722
0.263724
0.263728
0.263732
0.263735
0.263738
0.263739
0.263738
0.263736
0.263733
0.26373
0.263728
0.263726
0.263723
0.263719
0.263715
0.263709
0.263704
0.2637
0.263696
0.263693
0.263691
0.263689
0.263688
0.263688
0.263688
0.263689
0.26369
0.263693
0.263696
0.2637
0.263705
0.263709
0.263713
0.263718
0.263722
0.263726
0.26373
0.263733
0.263734
0.263734
0.263733
0.263732
0.263731
0.26373
0.263728
0.263724
0.263717
0.263708
0.263699
0.263692
0.263687
0.263685
0.263683
0.26368
0.263675
0.263666
0.263659
0.263655
0.263657
0.263664
0.263674
0.263682
0.263686
0.263687
0.263687
0.26369
0.263699
0.263714
0.263731
0.263745
0.263753
0.263755
0.263755
0.263755
0.263759
0.263766
0.263773
0.263777
0.263776
0.263769
0.263761
0.263754
0.263749
0.263745
0.263739
0.263731
0.263719
0.263709
0.263702
0.263701
0.263704
0.263707
0.263705
0.263698
0.263688
0.263684
0.26369
0.263709
0.263736
0.263761
0.263775
0.263776
0.263766
0.263759
0.263766
0.263793
0.263834
0.263873
0.263896
0.263891
0.263864
0.263831
0.263813
0.263822
0.263856
0.263894
0.263914
0.263898
0.263849
0.263787
0.263741
0.263731
0.263757
0.263799
0.263826
0.263817
0.263769
0.263705
0.263658
0.263653
0.26369
0.263747
0.263793
0.263802
0.263775
0.263732
0.263707
0.263719
0.263768
0.263828
0.263871
0.263877
0.263852
0.26382
0.263807
0.263825
0.263862
0.263893
0.263894
0.26386
0.263807
0.263765
0.263753
0.263769
0.263791
0.263787
0.263743
0.263668
0.263591
0.263548
0.263552
0.26359
0.263628
0.263629
0.263582
0.263503
0.263432
0.263407
0.26344
0.263515
0.263592
0.263631
0.263616
0.263561
0.263501
0.263476
0.263503
0.263574
0.26366
0.263724
0.263738
0.2637
0.263629
0.263557
0.263516
0.263522
0.26357
0.263633
0.263673
0.263657
0.263576
0.263452
0.263332
0.263267
0.263283
0.263366
0.263464
0.263509
0.263459
0.263327
0.263178
0.263096
0.263135
0.263284
0.263466
0.263581
0.263564
0.263433
0.263281
0.263223
0.263325
0.263554
0.263792
0.263903
0.263822
0.263606
0.263407
0.263375
0.26356
0.263872
0.264115
0.264115
0.263836
0.26343
0.263143
0.263165
0.263507
0.263966
0.26423
0.264074
0.263538
0.26292
0.262592
0.262775
0.263397
0.2641
0.264418
0.264102
0.263323
0.262568
0.262321
0.262779
0.263729
0.264615
0.264861
0.264292
0.263303
0.262564
0.262574
0.263375
0.26451
0.265235
0.265024
0.264016
0.262923
0.262499
0.263056
0.264268
0.265292
0.265297
0.264159
0.262628
0.261748
0.262159
0.263716
0.265419
0.26591
0.264579
0.262222
0.260386
0.260285
0.262233
0.265319
0.267436
0.266692
0.263392
0.259802
0.258113
0.25943
0.263614
0.268541
0.27038
0.267131
0.261248
0.256691
0.255694
0.259095
0.266301
0.273144
0.273303
0.266034
0.257486
0.252603
0.252813
0.25895
0.270028
0.278361
0.274564
0.261932
0.251329
0.246803
0.248463
0.258017
0.274313
0.284025
0.274391
0.256445
0.245261
0.241747
0.244941
0.258525
0.281171
0.291132
0.272808
0.249471
0.238309
0.23537
0.239336
0.257385
0.287939
0.29637
0.26852
0.247737
0.232821
0.193523
0.149095
0.129641
0.125603
0.125063
0.125006
0.125001
0.125
0.125
0.125
0.125
0.125
0.125
0.125
0.125
0.125
0.125
0.125
0.125
0.125
0.125
0.125
0.125
0.125
0.125
0.125
0.125
0.125
0.125
0.125
0.125
0.125
0.125
0.125
0.125
0.125
0.125
0.125
0.125
0.125
0.125
0.125
0.125
0.125
0.125
0.125
0.125
0.125
0.125
0.125
0.125
0.125
0.125
0.125
0.125
0.125
0.125
0.125
0.125
0.125
0.125
0.125
0.125
0.125
0.125
0.125
0.125
0.125
0.125
0.125
0.125
0.125
0.125
0.125
0.125
0.125
0.125
0.125
0.125
0.125
0.125
0.125
0.125
0.125
0.125
0.125
0.125
0.125
0.125
0.125
0.125
0.125
0.125
0.125
0.125
0.125
0.125
0.125
0.125
0.125
0.125
0.125
0.125
0.125
0.125
0.125
0.125
0.125
0.125
0.125
0.125
0.125
0.125
0.125
0.125
0.125
0.125
0.125
0.125
0.125
0.125
0.125
0.125
0.125
0.125
0.125
0.125
0.125
0.125
0.125
0.125
0.125
0.125
0.125
0.125
0.125
0.125
0.125
0.125
0.125
0.125
0.125
0.125
0.125
0.125
0.125
0.125
0.125
0.125
0.125
0.125
0.125
0.125
0.125
0.125
0.125
0.125
0.125
0.125
0.125
0.125
0.125
0.125
0.125
0.125
0.125
0.125
0.125
0.125
0.125
0.125
0.125
0.125
0.125
0.125
0.125
0.125
0.125
0.125
0.125
0.125
0.125
0.125
0.125
0.125
0.125
0.125
0.125
0.125
0.125
0.125
0.125
0.125
0.125
0.125
0.125
0.125
0.125
0.125
0.125
0.125
0.125
0.125
0.125
0.125
0.125
0.125
0.125
0.125
0.125
0.125
0.125
0.125
